iteration,candidate_index,objective,phi_n,u_avg_n,ar_n,lt_1_n,a_0_n,phi,u_avg,ar,lt_1,a_0
365,0,-0.4314806885649645,0.5883450746490466,0.003924490902852983,0.9978236571118166,0.5102708878426236,0.9963079932461574,0.6530070447894281,0.5074565327154207,4.9915122627360855,0.010102708878426236,1298.8923979738472
365,1,-0.4314773061298196,0.5883450746490466,0.003924490902852983,0.9978236571118166,0.5102708878426236,0.991330752170871,0.6530070447894281,0.5074565327154207,4.9915122627360855,0.010102708878426236,1297.3992256512613
365,2,-0.4314779710177628,0.5883450746490466,0.003924490902852983,0.9978236571118166,0.5102708878426236,0.992309132373179,0.6530070447894281,0.5074565327154207,4.9915122627360855,0.010102708878426236,1297.6927397119537
365,3,-0.4314806885649645,0.5883450746490466,0.003924490902852983,0.9978236571118166,0.5102708878426236,0.9963079932461574,0.6530070447894281,0.5074565327154207,4.9915122627360855,0.010102708878426236,1298.8923979738472
365,4,-0.4314806885649645,0.5883450746490466,0.003924490902852983,0.9978236571118166,0.5102708878426236,0.9963079932461574,0.6530070447894281,0.5074565327154207,4.9915122627360855,0.010102708878426236,1298.8923979738472
365,5,-0.2981423523727952,0.686366257713809,0.5,1.0,0.015,1.0,0.7118197546282854,1.45,5.0,0.00515,1300.0
365,6,-0.4314806885649645,0.5883450746490466,0.003924490902852983,0.9978236571118166,0.5102708878426236,0.9963079932461574,0.6530070447894281,0.5074565327154207,4.9915122627360855,0.010102708878426236,1298.8923979738472
365,7,-0.43148042237613116,0.5883450746490466,0.003924490902852983,0.9978236571118166,0.5102708878426236,0.9959162973411874,0.6530070447894281,0.5074565327154207,4.9915122627360855,0.010102708878426236,1298.7748892023562
365,8,-0.43147844592713885,0.5883450746490466,0.003924490902852983,0.9978236571118166,0.5102708878426236,0.9930079598014024,0.6530070447894281,0.5074565327154207,4.9915122627360855,0.010102708878426236,1297.9023879404208
365,9,-0.4314770379941306,0.5883450746490468,0.003924490902852983,0.9978236571118166,0.5102708878426236,0.9909361914748247,0.6530070447894282,0.5074565327154207,4.9915122627360855,0.010102708878426236,1297.2808574424475
365,10,-0.43147680292935686,0.5883450746490466,0.003924490902852983,0.9978236571118166,0.5102708878426236,0.9905902945108989,0.6530070447894281,0.5074565327154207,4.9915122627360855,0.010102708878426236,1297.1770883532697
365,11,-0.24205145082499813,0.4841997362422136,0.5,1.0,0.015,1.0,0.5905198417453281,1.45,5.0,0.00515,1300.0
365,12,-0.4314776266114264,0.5883450746490466,0.003924490902852983,0.9978236571118166,0.5102708878426236,0.9918023396955132,0.6530070447894281,0.5074565327154207,4.9915122627360855,0.010102708878426236,1297.540701908654
365,13,-0.25994686225272146,0.539797969415091,0.5,1.0,0.015,1.0,0.6238787816490545,1.45,5.0,0.00515,1300.0
365,14,-0.43147553755606854,0.5883450746490466,0.003924490902852983,0.9978236571118166,0.5102708878426236,0.9887283022963391,0.6530070447894281,0.5074565327154207,4.9915122627360855,0.010102708878426236,1296.6184906889016
365,15,-0.4314804968104778,0.5883450746490466,0.003924490902852983,0.9978236571118166,0.5102708878426236,0.9960258272128905,0.6530070447894281,0.5074565327154207,4.9915122627360855,0.010102708878426236,1298.807748163867
365,16,-0.2568999159464266,0.5299305574201587,0.5,1.0,0.015,1.0,0.6179583344520952,1.45,5.0,0.00515,1300.0
365,17,-0.4314790039824256,0.5883450746490467,0.003924490902852983,0.9978236571118166,0.5102708878426236,0.9938291361363519,0.6530070447894281,0.5074565327154207,4.9915122627360855,0.010102708878426236,1298.1487408409057
365,18,-0.43147783545105944,0.5883450746490467,0.003924490902852983,0.9978236571118166,0.5102708878426236,0.992109646459722,0.6530070447894281,0.5074565327154207,4.9915122627360855,0.010102708878426236,1297.6328939379166
365,19,-0.31777886798684285,0.7968629778754464,0.5,1.0,0.015,1.0,0.7781177867252679,1.45,5.0,0.00515,1300.0
365,20,-0.431478971361493,0.5883450746490467,0.003924490902852983,0.9978236571118166,0.5102708878426236,0.9937811345520655,0.6530070447894281,0.5074565327154207,4.9915122627360855,0.010102708878426236,1298.1343403656197
365,21,-0.4314781064908964,0.5883450746490466,0.003924490902852983,0.9978236571118166,0.5102708878426236,0.9925084805989606,0.6530070447894281,0.5074565327154207,4.9915122627360855,0.010102708878426236,1297.7525441796881
365,22,-0.4314752659122536,0.5883450746490466,0.003924490902852983,0.9978236571118166,0.5102708878426236,0.9883285794056579,0.6530070447894281,0.5074565327154207,4.9915122627360855,0.010102708878426236,1296.4985738216974
365,23,-0.43147614773694365,0.5883450746490466,0.003924490902852983,0.9978236571118166,0.5102708878426236,0.9896261812458952,0.6530070447894281,0.5074565327154207,4.9915122627360855,0.010102708878426236,1296.8878543737685
365,24,-0.4314765859989898,0.5883450746490466,0.003924490902852983,0.9978236571118166,0.5102708878426236,0.9902710822607841,0.6530070447894281,0.5074565327154207,4.9915122627360855,0.010102708878426236,1297.0813246782352
365,25,-0.4314800875030854,0.5883450746490466,0.003924490902852983,0.9978236571118166,0.5102708878426236,0.9954235328661611,0.6530070447894281,0.5074565327154207,4.9915122627360855,0.010102708878426236,1298.6270598598483
365,26,-0.4314796050443047,0.5883450746490467,0.003924490902852983,0.9978236571118166,0.5102708878426236,0.9947135965163483,0.6530070447894281,0.5074565327154207,4.9915122627360855,0.010102708878426236,1298.4140789549044
365,27,-0.43147816913192544,0.5883450746490466,0.003924490902852983,0.9978236571118166,0.5102708878426236,0.9926006566465221,0.6530070447894281,0.5074565327154207,4.9915122627360855,0.010102708878426236,1297.7801969939567
365,28,-0.4314778693753101,0.5883450746490466,0.003924490902852983,0.9978236571118166,0.5102708878426236,0.9921595658717974,0.6530070447894281,0.5074565327154207,4.9915122627360855,0.010102708878426236,1297.6478697615394
365,29,-0.4314782093443682,0.5883450746490466,0.003924490902852983,0.9978236571118166,0.5102708878426236,0.9926598291105078,0.6530070447894281,0.5074565327154207,4.9915122627360855,0.010102708878426236,1297.7979487331522
365,30,-0.31044342185258444,0.7501068553785141,0.5,1.0,0.015,1.0,0.7500641132271084,1.45,5.0,0.00515,1300.0
365,31,-0.43147817380621833,0.5883450746490466,0.003924490902852983,0.9978236571118166,0.5102708878426236,0.9926075348516419,0.6530070447894281,0.5074565327154207,4.9915122627360855,0.010102708878426236,1297.7822604554926
365,32,-0.431478923635893,0.5883450746490466,0.003924490902852983,0.9978236571118166,0.5102708878426236,0.9937109065043908,0.6530070447894281,0.5074565327154207,4.9915122627360855,0.010102708878426236,1298.1132719513173
365,33,-0.4314788046548632,0.5883450746490466,0.003924490902852983,0.9978236571118166,0.5102708878426236,0.9935358263496468,0.6530070447894281,0.5074565327154207,4.9915122627360855,0.010102708878426236,1298.060747904894
365,34,-0.4314792735721729,0.5883450746490466,0.003924490902852983,0.9978236571118166,0.5102708878426236,0.9942258364739347,0.6530070447894281,0.5074565327154207,4.9915122627360855,0.010102708878426236,1298.2677509421803
365,35,-0.4314760151141885,0.5883450746490466,0.003924490902852983,0.9978236571118166,0.5102708878426236,0.9894310273416226,0.6530070447894281,0.5074565327154207,4.9915122627360855,0.010102708878426236,1296.8293082024868
365,36,-0.4314774535540299,0.5883450746490466,0.003924490902852983,0.9978236571118166,0.5102708878426236,0.9915476863628122,0.6530070447894281,0.5074565327154207,4.9915122627360855,0.010102708878426236,1297.4643059088437
365,37,-0.4314787442132401,0.5883450746490466,0.003924490902852983,0.9978236571118166,0.5102708878426236,0.9934468867199672,0.6530070447894281,0.5074565327154207,4.9915122627360855,0.010102708878426236,1298.0340660159902
365,38,-0.4314759535709646,0.5883450746490466,0.003924490902852983,0.9978236571118166,0.5102708878426236,0.9893404667103087,0.6530070447894281,0.5074565327154207,4.9915122627360855,0.010102708878426236,1296.8021400130926
365,39,-0.431480647305832,0.5883450746490467,0.003924490902852983,0.9978236571118166,0.5102708878426236,0.9962472805820325,0.6530070447894281,0.5074565327154207,4.9915122627360855,0.010102708878426236,1298.8741841746098
365,40,-0.4314770924208221,0.5883450746490466,0.003924490902852983,0.9978236571118166,0.5102708878426236,0.9910162801543676,0.6530070447894281,0.5074565327154207,4.9915122627360855,0.010102708878426236,1297.3048840463102
365,41,-0.4314806885649645,0.5883450746490466,0.003924490902852983,0.9978236571118166,0.5102708878426236,0.9963079932461574,0.6530070447894281,0.5074565327154207,4.9915122627360855,0.010102708878426236,1298.8923979738472
365,42,-0.4314790039824256,0.5883450746490467,0.003924490902852983,0.9978236571118166,0.5102708878426236,0.9938291361363519,0.6530070447894281,0.5074565327154207,4.9915122627360855,0.010102708878426236,1298.1487408409057
365,43,-0.4314771422792232,0.5883450746490466,0.003924490902852983,0.9978236571118166,0.5102708878426236,0.9910896466111752,0.6530070447894281,0.5074565327154207,4.9915122627360855,0.010102708878426236,1297.3268939833524
365,44,-0.2505627852027639,0.5099668874745216,0.5,1.0,0.015,1.0,0.6059801324847129,1.45,5.0,0.00515,1300.0
365,45,-0.4314799929010479,0.5883450746490466,0.003924490902852983,0.9978236571118166,0.5102708878426236,0.9952843263102759,0.6530070447894281,0.5074565327154207,4.9915122627360855,0.010102708878426236,1298.5852978930827
365,46,-0.43147614110060967,0.5883450746490466,0.003924490902852983,0.9978236571118166,0.5102708878426236,0.9896164159044505,0.6530070447894281,0.5074565327154207,4.9915122627360855,0.010102708878426236,1296.8849247713351
365,47,-0.43147754055500825,0.5883450746490466,0.003924490902852983,0.9978236571118166,0.5102708878426236,0.9916757079876115,0.6530070447894281,0.5074565327154207,4.9915122627360855,0.010102708878426236,1297.5027123962834
365,48,-0.24612486857643262,0.4963929952470193,0.5,1.0,0.015,1.0,0.5978357971482116,1.45,5.0,0.00515,1300.0
365,49,-0.43147882643315383,0.5883450746490466,0.003924490902852983,0.9978236571118166,0.5102708878426236,0.9935678730254849,0.6530070447894281,0.5074565327154207,4.9915122627360855,0.010102708878426236,1298.0703619076455
365,50,-0.4314796625528401,0.5883450746490466,0.003924490902852983,0.9978236571118166,0.5102708878426236,0.9947982201180114,0.6530070447894281,0.5074565327154207,4.9915122627360855,0.010102708878426236,1298.4394660354035
365,51,-0.4314771422792232,0.5883450746490466,0.003924490902852983,0.9978236571118166,0.5102708878426236,0.9910896466111752,0.6530070447894281,0.5074565327154207,4.9915122627360855,0.010102708878426236,1297.3268939833524
365,52,-0.43147783545105944,0.5883450746490467,0.003924490902852983,0.9978236571118166,0.5102708878426236,0.992109646459722,0.6530070447894281,0.5074565327154207,4.9915122627360855,0.010102708878426236,1297.6328939379166
365,53,-0.43147903498964285,0.5883450746490466,0.003924490902852983,0.9978236571118166,0.5102708878426236,0.9938747631443011,0.6530070447894281,0.5074565327154207,4.9915122627360855,0.010102708878426236,1298.1624289432903
365,54,-0.4314794589218936,0.5883450746490466,0.003924490902852983,0.9978236571118166,0.5102708878426238,0.9944985779171386,0.6530070447894281,0.5074565327154207,4.9915122627360855,0.010102708878426236,1298.3495733751415
365,55,-0.4314806885649645,0.5883450746490466,0.003924490902852983,0.9978236571118166,0.5102708878426236,0.9963079932461574,0.6530070447894281,0.5074565327154207,4.9915122627360855,0.010102708878426236,1298.8923979738472
365,56,-0.3137177764574091,0.7698697332592832,0.5,1.0,0.015,1.0,0.7619218399555701,1.45,5.0,0.00515,1300.0
365,57,-0.4314764108406402,0.5883450746490466,0.003924490902852983,0.9978236571118166,0.5102708878426236,0.9900133373832092,0.6530070447894281,0.5074565327154207,4.9915122627360855,0.010102708878426236,1297.0040012149627
365,58,-0.4314736131702377,0.5883450746490466,0.003924490902852983,0.9978236571118166,0.5102708878426236,0.9858965755102621,0.6530070447894281,0.5074565327154207,4.9915122627360855,0.010102708878426236,1295.7689726530787
365,59,-0.43147965467812716,0.5883450746490466,0.003924490902852983,0.9978236571118166,0.5102708878426236,0.9947866325064285,0.6530070447894281,0.5074565327154207,4.9915122627360855,0.010102708878426236,1298.4359897519284
365,60,-0.4314787145775715,0.5883450746490466,0.003924490902852983,0.9978236571118166,0.5102708878426236,0.9934032779407905,0.6530070447894281,0.5074565327154207,4.9915122627360855,0.010102708878426236,1298.020983382237
365,61,-0.43147693055102204,0.5883450746490466,0.003924490902852983,0.9978236571118166,0.5102708878426236,0.9907780893294025,0.6530070447894281,0.5074565327154207,4.9915122627360855,0.010102708878426236,1297.2334267988208
365,62,-0.4314727519250657,0.5883450746490466,0.003924490902852983,0.9978236571118166,0.5102708878426236,0.9846292563562787,0.6530070447894281,0.5074565327154207,4.9915122627360855,0.010102708878426236,1295.3887769068835
365,63,-0.4314768500332715,0.5883450746490466,0.003924490902852983,0.9978236571118166,0.5102708878426236,0.9906596077508993,0.6530070447894281,0.5074565327154207,4.9915122627360855,0.010102708878426236,1297.1978823252698
365,64,-0.4314806885649645,0.5883450746490466,0.003924490902852983,0.9978236571118166,0.5102708878426236,0.9963079932461574,0.6530070447894281,0.5074565327154207,4.9915122627360855,0.010102708878426236,1298.8923979738472
365,65,-0.4314783700985249,0.5883450746490466,0.003924490902852983,0.9978236571118166,0.5102708878426236,0.9928963782703926,0.6530070447894281,0.5074565327154207,4.9915122627360855,0.010102708878426236,1297.8689134811177
365,66,-0.43147783545105944,0.5883450746490467,0.003924490902852983,0.9978236571118166,0.5102708878426236,0.992109646459722,0.6530070447894281,0.5074565327154207,4.9915122627360855,0.010102708878426236,1297.6328939379166
365,67,-0.43147783545105944,0.5883450746490467,0.003924490902852983,0.9978236571118166,0.5102708878426236,0.992109646459722,0.6530070447894281,0.5074565327154207,4.9915122627360855,0.010102708878426236,1297.6328939379166
365,68,-0.4314806885649645,0.5883450746490466,0.003924490902852983,0.9978236571118166,0.5102708878426236,0.9963079932461574,0.6530070447894281,0.5074565327154207,4.9915122627360855,0.010102708878426236,1298.8923979738472
365,69,-0.4314782535977399,0.5883450746490466,0.003924490902852983,0.9978236571118166,0.5102708878426236,0.9927249477868708,0.6530070447894281,0.5074565327154207,4.9915122627360855,0.010102708878426236,1297.8174843360612
365,70,-0.43147729078451574,0.5883450746490466,0.003924490902852983,0.9978236571118166,0.5102708878426236,0.991308171611778,0.6530070447894281,0.5074565327154207,4.9915122627360855,0.010102708878426236,1297.3924514835335
365,71,-0.4314791044439466,0.5883450746490466,0.003924490902852983,0.9978236571118166,0.5102708878426236,0.9939769649009159,0.6530070447894281,0.5074565327154207,4.9915122627360855,0.010102708878426236,1298.1930894702748
365,72,-0.4314782093443682,0.5883450746490467,0.003924490902852983,0.9978236571118166,0.5102708878426236,0.9926598291105078,0.6530070447894281,0.5074565327154207,4.9915122627360855,0.010102708878426236,1297.7979487331522
365,73,-0.4314785664431685,0.5883450746490466,0.003924490902852983,0.9978236571118166,0.5102708878426236,0.9931852987028906,0.6530070447894281,0.5074565327154207,4.9915122627360855,0.010102708878426236,1297.9555896108673
365,74,-0.4314778750845117,0.5883450746490466,0.003924490902852983,0.9978236571118166,0.5102708878426236,0.9921679669413332,0.6530070447894281,0.5074565327154207,4.9915122627360855,0.010102708878426236,1297.6503900824
365,75,-0.43147885954387166,0.5883450746490466,0.003924490902852983,0.9978236571118166,0.5102708878426236,0.9936165953269542,0.6530070447894281,0.5074565327154207,4.9915122627360855,0.010102708878426236,1298.0849785980863
365,76,-0.43147781915733413,0.5883450746490466,0.003924490902852983,0.9978236571118166,0.5102708878426236,0.9920856703019079,0.6530070447894281,0.5074565327154207,4.9915122627360855,0.010102708878426236,1297.6257010905724
365,77,-0.4314786303167267,0.5883450746490467,0.003924490902852983,0.9978236571118166,0.5102708878426236,0.9932792884126227,0.6530070447894281,0.5074565327154207,4.9915122627360855,0.010102708878426236,1297.9837865237869
365,78,-0.43147521656640697,0.5883450746490467,0.003924490902852983,0.9978236571118166,0.5102708878426236,0.988255967170901,0.6530070447894281,0.5074565327154207,4.9915122627360855,0.010102708878426236,1296.4767901512703
365,79,-0.43147775620147094,0.5883450746490466,0.003924490902852983,0.9978236571118166,0.5102708878426236,0.9919930309770886,0.6530070447894281,0.5074565327154207,4.9915122627360855,0.010102708878426236,1297.5979092931266
365,80,-0.431480647305832,0.5883450746490467,0.003924490902852983,0.9978236571118166,0.5102708878426236,0.9962472805820325,0.6530070447894281,0.5074565327154207,4.9915122627360855,0.010102708878426236,1298.8741841746098
365,81,-0.43147893715514474,0.5883450746490466,0.003924490902852983,0.9978236571118166,0.5102708878426236,0.9937308000343977,0.6530070447894281,0.5074565327154207,4.9915122627360855,0.010102708878426236,1298.1192400103193
365,82,-0.43147995446599585,0.5883450746490466,0.003924490902852983,0.9978236571118166,0.5102708878426236,0.995227769270357,0.6530070447894281,0.5074565327154207,4.9915122627360855,0.010102708878426236,1298.568330781107
365,83,-0.4314757377396404,0.5883450746490466,0.003924490902852983,0.9978236571118166,0.5102708878426236,0.989022871697838,0.6530070447894281,0.5074565327154207,4.9915122627360855,0.010102708878426236,1296.7068615093513
365,84,-0.4314771175098857,0.5883450746490466,0.003924490902852983,0.9978236571118166,0.5102708878426236,0.9910531986206708,0.6530070447894281,0.5074565327154207,4.9915122627360855,0.010102708878426236,1297.3159595862012
365,85,-0.43147687619382125,0.5883450746490466,0.003924490902852983,0.9978236571118166,0.5102708878426236,0.9906981029051607,0.6530070447894281,0.5074565327154207,4.9915122627360855,0.010102708878426236,1297.2094308715482
365,86,-0.4314789495862446,0.5883450746490466,0.003924490902852983,0.9978236571118166,0.5102708878426236,0.9937490923528911,0.6530070447894281,0.5074565327154207,4.9915122627360855,0.010102708878426236,1298.1247277058674
365,87,-0.43147485581729117,0.5883450746490467,0.003924490902852983,0.9978236571118166,0.5102708878426236,0.9877251261524914,0.6530070447894281,0.5074565327154207,4.9915122627360855,0.010102708878426236,1296.3175378457474
365,88,-0.4314788402994348,0.5883450746490466,0.003924490902852983,0.9978236571118166,0.5102708878426236,0.9935882772077331,0.6530070447894281,0.5074565327154207,4.9915122627360855,0.010102708878426236,1298.07648316232
365,89,-0.4314797332661899,0.5883450746490466,0.003924490902852983,0.9978236571118166,0.5102708878426238,0.9949022745563113,0.6530070447894281,0.5074565327154207,4.9915122627360855,0.010102708878426236,1298.4706823668935
365,90,-0.43148032924530727,0.5883450746490466,0.003924490902852983,0.9978236571118166,0.5102708878426236,0.9957792556708615,0.6530070447894281,0.5074565327154207,4.9915122627360855,0.010102708878426236,1298.7337767012584
365,91,-0.43147562869568473,0.5883450746490466,0.003924490902852983,0.9978236571118166,0.5102708878426236,0.9888624139117412,0.6530070447894281,0.5074565327154207,4.9915122627360855,0.010102708878426236,1296.6587241735224
365,92,-0.43147714519443287,0.5883450746490466,0.003924490902852983,0.9978236571118166,0.5102708878426236,0.9910939363316646,0.6530070447894281,0.5074565327154207,4.9915122627360855,0.010102708878426236,1297.3281808994993
365,93,-0.4314773303229584,0.5883450746490466,0.003924490902852983,0.9978236571118166,0.5102708878426236,0.9913663522870252,0.6530070447894281,0.5074565327154207,4.9915122627360855,0.010102708878426236,1297.4099056861075
365,94,-0.4314776112049279,0.5883450746490466,0.003924490902852983,0.9978236571118166,0.5102708878426238,0.9917796690886684,0.6530070447894281,0.5074565327154207,4.9915122627360855,0.010102708878426236,1297.5339007266005
365,95,-0.431480647305832,0.5883450746490467,0.003924490902852983,0.9978236571118166,0.5102708878426236,0.9962472805820325,0.6530070447894281,0.5074565327154207,4.9915122627360855,0.010102708878426236,1298.8741841746098
365,96,-0.43147686627785775,0.5883450746490466,0.003924490902852983,0.9978236571118166,0.5102708878426238,0.990683511600748,0.6530070447894281,0.5074565327154207,4.9915122627360855,0.010102708878426236,1297.2050534802243
365,97,-0.4314806885649645,0.5883450746490466,0.003924490902852983,0.9978236571118166,0.5102708878426236,0.9963079932461574,0.6530070447894281,0.5074565327154207,4.9915122627360855,0.010102708878426236,1298.8923979738472
365,98,-0.4314783700985249,0.5883450746490466,0.003924490902852983,0.9978236571118166,0.5102708878426236,0.9928963782703926,0.6530070447894281,0.5074565327154207,4.9915122627360855,0.010102708878426236,1297.8689134811177
365,99,-0.43147674548814224,0.5883450746490466,0.003924490902852983,0.9978236571118166,0.5102708878426236,0.990505769971438,0.6530070447894281,0.5074565327154207,4.9915122627360855,0.010102708878426236,1297.1517309914314
365,100,-0.4314805479791357,0.5883450746490466,0.003924490902852983,0.9978236571118166,0.5102708878426236,0.996101121707782,0.6530070447894281,0.5074565327154207,4.9915122627360855,0.010102708878426236,1298.8303365123347
365,101,-0.4314795921510255,0.5883450746490466,0.003924490902852983,0.9978236571118166,0.5102708878426236,0.9946946241025756,0.6530070447894281,0.5074565327154207,4.9915122627360855,0.010102708878426236,1298.4083872307726
365,102,-0.431477298242848,0.5883450746490466,0.003924490902852983,0.9978236571118166,0.5102708878426236,0.9913191465206729,0.6530070447894281,0.5074565327154207,4.9915122627360855,0.010102708878426236,1297.3957439562018
365,103,-0.4314786240339285,0.5883450746490468,0.003924490902852983,0.9978236571118166,0.5102708878426236,0.9932700432978445,0.6530070447894282,0.5074565327154207,4.9915122627360855,0.010102708878426236,1297.9810129893533
365,104,-0.4314744306685373,0.5883450746490468,0.003924490902852983,0.9978236571118166,0.5102708878426236,0.9870995212997576,0.6530070447894282,0.5074565327154207,4.9915122627360855,0.010102708878426236,1296.1298563899272
365,105,-0.43148026252990745,0.5883450746490466,0.003924490902852983,0.9978236571118166,0.5102708878426236,0.9956810842014312,0.6530070447894281,0.5074565327154207,4.9915122627360855,0.010102708878426236,1298.7043252604294
365,106,-0.4314805449225261,0.5883450746490466,0.003924490902852983,0.9978236571118166,0.5102708878426236,0.9960966239178299,0.6530070447894281,0.5074565327154207,4.9915122627360855,0.010102708878426236,1298.828987175349
365,107,-0.4314771422792232,0.5883450746490466,0.003924490902852983,0.9978236571118166,0.5102708878426236,0.9910896466111752,0.6530070447894281,0.5074565327154207,4.9915122627360855,0.010102708878426236,1297.3268939833524
365,108,-0.4314777992486631,0.5883450746490466,0.003924490902852983,0.9978236571118166,0.5102708878426238,0.9920563747645186,0.6530070447894281,0.5074565327154207,4.9915122627360855,0.010102708878426236,1297.6169124293556
365,109,-0.4314787518519306,0.5883450746490466,0.003924490902852983,0.9978236571118166,0.5102708878426236,0.9934581270253416,0.6530070447894281,0.5074565327154207,4.9915122627360855,0.010102708878426236,1298.0374381076026
365,110,-0.43147828314295367,0.5883450746490466,0.003924490902852983,0.9978236571118166,0.5102708878426236,0.9927684234619704,0.6530070447894281,0.5074565327154207,4.9915122627360855,0.010102708878426236,1297.830527038591
365,111,-0.4314781797383055,0.5883450746490466,0.003924490902852983,0.9978236571118166,0.5102708878426236,0.9926162638964324,0.6530070447894281,0.5074565327154207,4.9915122627360855,0.010102708878426236,1297.7848791689298
365,112,-0.4314776124801331,0.5883450746490466,0.003924490902852983,0.9978236571118166,0.5102708878426236,0.9917815455485157,0.6530070447894281,0.5074565327154207,4.9915122627360855,0.010102708878426236,1297.5344636645548
365,113,-0.4314789526680071,0.5883450746490466,0.003924490902852983,0.9978236571118166,0.5102708878426236,0.993753627155264,0.6530070447894281,0.5074565327154207,4.9915122627360855,0.010102708878426236,1298.1260881465791
365,114,-0.4314783931773121,0.5883450746490466,0.003924490902852983,0.9978236571118166,0.5102708878426236,0.992930338622281,0.6530070447894281,0.5074565327154207,4.9915122627360855,0.010102708878426236,1297.8791015866843
365,115,-0.43148066069910573,0.5883450746490466,0.003924490902852983,0.9978236571118166,0.5102708878426236,0.9962669887358135,0.6530070447894281,0.5074565327154207,4.9915122627360855,0.010102708878426236,1298.880096620744
365,116,-0.4314801467533278,0.5883450746490466,0.003924490902852983,0.9978236571118166,0.5102708878426236,0.9955107193834476,0.6530070447894281,0.5074565327154207,4.9915122627360855,0.010102708878426236,1298.6532158150344
365,117,-0.4314782705210688,0.5883450746490467,0.003924490902852983,0.9978236571118166,0.5102708878426236,0.9927498504040333,0.6530070447894281,0.5074565327154207,4.9915122627360855,0.010102708878426236,1297.82495512121
365,118,-0.4314767485026654,0.5883450746490467,0.003924490902852983,0.9978236571118166,0.5102708878426236,0.990510205831356,0.6530070447894281,0.5074565327154207,4.9915122627360855,0.010102708878426236,1297.1530617494068
365,119,-0.4314778921779311,0.5883450746490466,0.003924490902852983,0.9978236571118166,0.5102708878426236,0.9921931198460768,0.6530070447894281,0.5074565327154207,4.9915122627360855,0.010102708878426236,1297.657935953823
365,120,-0.43147520798001204,0.5883450746490466,0.003924490902852983,0.9978236571118166,0.5102708878426236,0.9882433323218208,0.6530070447894281,0.5074565327154207,4.9915122627360855,0.010102708878426236,1296.4729996965461
365,121,-0.431480647305832,0.5883450746490466,0.003924490902852983,0.9978236571118166,0.5102708878426236,0.9962472805820325,0.6530070447894281,0.5074565327154207,4.9915122627360855,0.010102708878426236,1298.8741841746098
365,122,-0.4314782093443682,0.5883450746490467,0.003924490902852983,0.9978236571118166,0.5102708878426236,0.9926598291105078,0.6530070447894281,0.5074565327154207,4.9915122627360855,0.010102708878426236,1297.7979487331522
365,123,-0.4314806885649645,0.5883450746490466,0.003924490902852983,0.9978236571118166,0.5102708878426236,0.9963079932461574,0.6530070447894281,0.5074565327154207,4.9915122627360855,0.010102708878426236,1298.8923979738472
365,124,-0.4314777401508606,0.5883450746490466,0.003924490902852983,0.9978236571118166,0.5102708878426236,0.9919694125620665,0.6530070447894281,0.5074565327154207,4.9915122627360855,0.010102708878426236,1297.5908237686199
365,125,-0.43147962488065356,0.5883450746490466,0.003924490902852983,0.9978236571118166,0.5102708878426236,0.9947427856318436,0.6530070447894281,0.5074565327154207,4.9915122627360855,0.010102708878426236,1298.422835689553
365,126,-0.4314786761644441,0.5883450746490466,0.003924490902852983,0.9978236571118166,0.5102708878426236,0.9933467531628295,0.6530070447894281,0.5074565327154207,4.9915122627360855,0.010102708878426236,1298.0040259488487
365,127,-0.4314785019454466,0.5883450746490466,0.003924490902852983,0.9978236571118166,0.5102708878426236,0.9930903905385791,0.6530070447894281,0.5074565327154207,4.9915122627360855,0.010102708878426236,1297.9271171615737
365,128,-0.43147844484488457,0.5883450746490467,0.003924490902852983,0.9978236571118166,0.5102708878426236,0.9930063672681145,0.6530070447894281,0.5074565327154207,4.9915122627360855,0.010102708878426236,1297.9019101804342
365,129,-0.4314769096535382,0.5883450746490467,0.003924490902852983,0.9978236571118166,0.5102708878426238,0.9907473387575141,0.6530070447894281,0.5074565327154207,4.9915122627360855,0.010102708878426236,1297.2242016272542
365,130,-0.24951548216493888,0.5067349459542335,0.5,1.0,0.015,1.0,0.6040409675725402,1.45,5.0,0.00515,1300.0
365,131,-0.4314790039824256,0.5883450746490467,0.003924490902852983,0.9978236571118166,0.5102708878426236,0.9938291361363519,0.6530070447894281,0.5074565327154207,4.9915122627360855,0.010102708878426236,1298.1487408409057
365,132,-0.2458830673854981,0.495662318522731,0.5,1.0,0.015,1.0,0.5973973911136387,1.45,5.0,0.00515,1300.0
365,133,-0.4314783700985249,0.5883450746490466,0.003924490902852983,0.9978236571118166,0.5102708878426236,0.9928963782703926,0.6530070447894281,0.5074565327154207,4.9915122627360855,0.010102708878426236,1297.8689134811177
365,134,-0.43147436165714276,0.5883450746490466,0.003924490902852983,0.9978236571118166,0.5102708878426236,0.9869979712823691,0.6530070447894281,0.5074565327154207,4.9915122627360855,0.010102708878426236,1296.0993913847108
365,135,-0.4314796453328126,0.5883450746490466,0.003924490902852983,0.9978236571118166,0.5102708878426236,0.9947728809098881,0.6530070447894281,0.5074565327154207,4.9915122627360855,0.010102708878426236,1298.4318642729663
365,136,-0.4314806885649645,0.5883450746490466,0.003924490902852983,0.9978236571118166,0.5102708878426236,0.9963079932461574,0.6530070447894281,0.5074565327154207,4.9915122627360855,0.010102708878426236,1298.8923979738472
365,137,-0.4314806885649645,0.5883450746490466,0.003924490902852983,0.9978236571118166,0.5102708878426236,0.9963079932461574,0.6530070447894281,0.5074565327154207,4.9915122627360855,0.010102708878426236,1298.8923979738472
365,138,-0.27658290437876254,0.5974603613658432,0.5,1.0,0.015,1.0,0.658476216819506,1.45,5.0,0.00515,1300.0
365,139,-0.431480118887469,0.5883450746490466,0.003924490902852983,0.9978236571118166,0.5102708878426236,0.9954697148731038,0.6530070447894281,0.5074565327154207,4.9915122627360855,0.010102708878426236,1298.640914461931
365,140,-0.4314768500332715,0.5883450746490466,0.003924490902852983,0.9978236571118166,0.5102708878426236,0.9906596077508993,0.6530070447894281,0.5074565327154207,4.9915122627360855,0.010102708878426236,1297.1978823252698
365,141,-0.43147984911019815,0.5883450746490466,0.003924490902852983,0.9978236571118166,0.5102708878426236,0.9950727385952767,0.6530070447894281,0.5074565327154207,4.9915122627360855,0.010102708878426236,1298.521821578583
365,142,-0.3074881463397129,0.7334649850239858,0.5,1.0,0.015,1.0,0.7400789910143916,1.45,5.0,0.00515,1300.0
365,143,-0.4314784183299035,0.5883450746490467,0.003924490902852983,0.9978236571118166,0.5102708878426236,0.9929673505694775,0.6530070447894281,0.5074565327154207,4.9915122627360855,0.010102708878426236,1297.8902051708433
365,144,-0.43147863131389946,0.5883450746490467,0.003924490902852983,0.9978236571118166,0.5102708878426236,0.9932807557487635,0.6530070447894281,0.5074565327154207,4.9915122627360855,0.010102708878426236,1297.984226724629
365,145,-0.4314806885649645,0.5883450746490466,0.003924490902852983,0.9978236571118166,0.5102708878426236,0.9963079932461574,0.6530070447894281,0.5074565327154207,4.9915122627360855,0.010102708878426236,1298.8923979738472
365,146,-0.4314806885649645,0.5883450746490466,0.003924490902852983,0.9978236571118166,0.5102708878426236,0.9963079932461574,0.6530070447894281,0.5074565327154207,4.9915122627360855,0.010102708878426236,1298.8923979738472
365,147,-0.4314771175098857,0.5883450746490466,0.003924490902852983,0.9978236571118166,0.5102708878426236,0.9910531986206708,0.6530070447894281,0.5074565327154207,4.9915122627360855,0.010102708878426236,1297.3159595862012
365,148,-0.43147825060350065,0.5883450746490466,0.003924490902852983,0.9978236571118166,0.5102708878426236,0.9927205417746326,0.6530070447894281,0.5074565327154207,4.9915122627360855,0.010102708878426236,1297.8161625323899
365,149,-0.4314787543745335,0.5883450746490466,0.003924490902852983,0.9978236571118166,0.5102708878426236,0.9934618390264038,0.6530070447894281,0.5074565327154207,4.9915122627360855,0.010102708878426236,1298.0385517079212
365,150,-0.4314801435347992,0.5883450746490466,0.003924490902852983,0.9978236571118166,0.5102708878426236,0.9955059833302611,0.6530070447894281,0.5074565327154207,4.9915122627360855,0.010102708878426236,1298.6517949990784
365,151,-0.4314777401508606,0.5883450746490466,0.003924490902852983,0.9978236571118166,0.5102708878426236,0.9919694125620665,0.6530070447894281,0.5074565327154207,4.9915122627360855,0.010102708878426236,1297.5908237686199
365,152,-0.4314806885649645,0.5883450746490466,0.003924490902852983,0.9978236571118166,0.5102708878426236,0.9963079932461574,0.6530070447894281,0.5074565327154207,4.9915122627360855,0.010102708878426236,1298.8923979738472
365,153,-0.43147835564004683,0.5883450746490466,0.003924490902852983,0.9978236571118166,0.5102708878426236,0.9928751026721908,0.6530070447894281,0.5074565327154207,4.9915122627360855,0.010102708878426236,1297.8625308016572
365,154,-0.4314772533445553,0.5883450746490466,0.003924490902852983,0.9978236571118166,0.5102708878426236,0.9912530788454319,0.6530070447894281,0.5074565327154207,4.9915122627360855,0.010102708878426236,1297.3759236536296
365,155,-0.4314767066110536,0.5883450746490466,0.003924490902852983,0.9978236571118166,0.5102708878426236,0.9904485624761792,0.6530070447894281,0.5074565327154207,4.9915122627360855,0.010102708878426236,1297.1345687428538
365,156,-0.2651712079199113,0.5571701973900284,0.5,1.0,0.015,1.0,0.6343021184340171,1.45,5.0,0.00515,1300.0
365,157,-0.43147952904547093,0.5883450746490466,0.003924490902852983,0.9978236571118166,0.5102708878426236,0.994601764507429,0.6530070447894281,0.5074565327154207,4.9915122627360855,0.010102708878426236,1298.3805293522287
365,158,-0.43147825799162365,0.5883450746490466,0.003924490902852983,0.9978236571118166,0.5102708878426236,0.9927314133708826,0.6530070447894281,0.5074565327154207,4.9915122627360855,0.010102708878426236,1297.8194240112648
365,159,-0.4314776124801331,0.5883450746490466,0.003924490902852983,0.9978236571118166,0.5102708878426236,0.9917815455485157,0.6530070447894281,0.5074565327154207,4.9915122627360855,0.010102708878426236,1297.5344636645548
365,160,-0.4314782093443682,0.5883450746490466,0.003924490902852983,0.9978236571118166,0.5102708878426236,0.9926598291105078,0.6530070447894281,0.5074565327154207,4.9915122627360855,0.010102708878426236,1297.7979487331522
365,161,-0.4314806885649645,0.5883450746490466,0.003924490902852983,0.9978236571118166,0.5102708878426236,0.9963079932461574,0.6530070447894281,0.5074565327154207,4.9915122627360855,0.010102708878426236,1298.8923979738472
365,162,-0.4314767485026654,0.5883450746490468,0.003924490902852983,0.9978236571118166,0.5102708878426236,0.990510205831356,0.6530070447894282,0.5074565327154207,4.9915122627360855,0.010102708878426236,1297.1530617494068
365,163,-0.43147824432683296,0.5883450746490467,0.003924490902852983,0.9978236571118166,0.5102708878426236,0.9927113056808643,0.6530070447894281,0.5074565327154207,4.9915122627360855,0.010102708878426236,1297.8133917042592
365,164,-0.2580471642085826,0.5336242408610574,0.5,1.0,0.015,1.0,0.6201745445166345,1.45,5.0,0.00515,1300.0
365,165,-0.4314791576232158,0.5883450746490466,0.003924490902852983,0.9978236571118166,0.5102708878426236,0.9940552180031191,0.6530070447894281,0.5074565327154207,4.9915122627360855,0.010102708878426236,1298.2165654009357
365,166,-0.43147910447125476,0.5883450746490466,0.003924490902852983,0.9978236571118166,0.5102708878426236,0.9939770050848011,0.6530070447894281,0.5074565327154207,4.9915122627360855,0.010102708878426236,1298.1931015254404
365,167,-0.4314782093443682,0.5883450746490467,0.003924490902852983,0.9978236571118166,0.5102708878426236,0.9926598291105078,0.6530070447894281,0.5074565327154207,4.9915122627360855,0.010102708878426236,1297.7979487331522
365,168,-0.2673792900030541,0.5646996144212894,0.5,1.0,0.015,1.0,0.6388197686527737,1.45,5.0,0.00515,1300.0
365,169,-0.2008703824992414,0.3714634694964535,0.5,1.0,0.015,1.0,0.5228780816978721,1.45,5.0,0.00515,1300.0
365,170,-0.43147842445198437,0.5883450746490466,0.003924490902852983,0.9978236571118166,0.5102708878426236,0.9929763591892764,0.6530070447894281,0.5074565327154207,4.9915122627360855,0.010102708878426236,1297.892907756783
365,171,-0.4314773896620716,0.5883450746490466,0.003924490902852983,0.9978236571118166,0.5102708878426236,0.9914536695774239,0.6530070447894281,0.5074565327154207,4.9915122627360855,0.010102708878426236,1297.4361008732271
365,172,-0.2815333995611842,0.6161469437676566,0.5,1.0,0.015,1.0,0.669688166260594,1.45,5.0,0.00515,1300.0
365,173,-0.43147734363330825,0.5883450746490466,0.003924490902852983,0.9978236571118166,0.5102708878426236,0.9913859384186854,0.6530070447894281,0.5074565327154207,4.9915122627360855,0.010102708878426236,1297.4157815256056
365,174,-0.4314776329316914,0.5883450746490466,0.003924490902852983,0.9978236571118166,0.5102708878426236,0.991811639942558,0.6530070447894281,0.5074565327154207,4.9915122627360855,0.010102708878426236,1297.5434919827674
365,175,-0.43147979141954,0.5883450746490466,0.003924490902852983,0.9978236571118166,0.5102708878426236,0.9949878470005823,0.6530070447894281,0.5074565327154207,4.9915122627360855,0.010102708878426236,1298.4963541001748
365,176,-0.4314782093443682,0.5883450746490466,0.003924490902852983,0.9978236571118166,0.5102708878426236,0.9926598291105078,0.6530070447894281,0.5074565327154207,4.9915122627360855,0.010102708878426236,1297.7979487331522
365,177,-0.4314764108406402,0.5883450746490466,0.003924490902852983,0.9978236571118166,0.5102708878426236,0.9900133373832092,0.6530070447894281,0.5074565327154207,4.9915122627360855,0.010102708878426236,1297.0040012149627
365,178,-0.4314806885649645,0.5883450746490466,0.003924490902852983,0.9978236571118166,0.5102708878426236,0.9963079932461574,0.6530070447894281,0.5074565327154207,4.9915122627360855,0.010102708878426236,1298.8923979738472
365,179,-0.26179684812228343,0.5458816201977621,0.5,1.0,0.015,1.0,0.6275289721186572,1.45,5.0,0.00515,1300.0
365,180,-0.4314806885649645,0.5883450746490466,0.003924490902852983,0.9978236571118166,0.5102708878426236,0.9963079932461574,0.6530070447894281,0.5074565327154207,4.9915122627360855,0.010102708878426236,1298.8923979738472
365,181,-0.4314806885649645,0.5883450746490466,0.003924490902852983,0.9978236571118166,0.5102708878426236,0.9963079932461574,0.6530070447894281,0.5074565327154207,4.9915122627360855,0.010102708878426236,1298.8923979738472
365,182,-0.27078250152361616,0.5765420911818482,0.5,1.0,0.015,1.0,0.645925254709109,1.45,5.0,0.00515,1300.0
365,183,-0.4314757220374103,0.5883450746490466,0.003924490902852983,0.9978236571118166,0.5102708878426236,0.9889997659231234,0.6530070447894281,0.5074565327154207,4.9915122627360855,0.010102708878426236,1296.699929776937
365,184,-0.2908721192109575,0.6539594999595791,0.5,1.0,0.015,1.0,0.6923756999757475,1.45,5.0,0.00515,1300.0
365,185,-0.43148009457407727,0.5883450746490466,0.003924490902852983,0.9978236571118166,0.5102708878426236,0.995433937805113,0.6530070447894281,0.5074565327154207,4.9915122627360855,0.010102708878426236,1298.630181341534
365,186,-0.3003969298864157,0.6970861558592704,0.5,1.0,0.015,1.0,0.7182516935155623,1.45,5.0,0.00515,1300.0
365,187,-0.2881514223182188,0.6425527023085935,0.5,1.0,0.015,1.0,0.6855316213851561,1.45,5.0,0.00515,1300.0
365,188,-0.4314782414310076,0.5883450746490466,0.003924490902852983,0.9978236571118166,0.5102708878426236,0.9927070444842996,0.6530070447894281,0.5074565327154207,4.9915122627360855,0.010102708878426236,1297.8121133452898
365,189,-0.431478002831631,0.5883450746490466,0.003924490902852983,0.9978236571118166,0.5102708878426236,0.9923559463650581,0.6530070447894281,0.5074565327154207,4.9915122627360855,0.010102708878426236,1297.7067839095175
365,190,-0.43148049107990544,0.5883450746490466,0.003924490902852983,0.9978236571118166,0.5102708878426238,0.9960173946963816,0.6530070447894281,0.5074565327154207,4.9915122627360855,0.010102708878426236,1298.8052184089145
365,191,-0.4314776124801331,0.5883450746490466,0.003924490902852983,0.9978236571118166,0.5102708878426236,0.9917815455485157,0.6530070447894281,0.5074565327154207,4.9915122627360855,0.010102708878426236,1297.5344636645548
365,192,-0.27135882107745385,0.5785776520466042,0.5,1.0,0.015,1.0,0.6471465912279626,1.45,5.0,0.00515,1300.0
365,193,-0.43147761560263137,0.5883450746490468,0.003924490902852983,0.9978236571118166,0.5102708878426236,0.9917861402934751,0.6530070447894282,0.5074565327154207,4.9915122627360855,0.010102708878426236,1297.5358420880425
365,194,-0.4314775029985589,0.5883450746490466,0.003924490902852983,0.9978236571118166,0.5102708878426236,0.9916204438082734,0.6530070447894281,0.5074565327154207,4.9915122627360855,0.010102708878426236,1297.486133142482
365,195,-0.4314771175098857,0.5883450746490466,0.003924490902852983,0.9978236571118166,0.5102708878426236,0.9910531986206708,0.6530070447894281,0.5074565327154207,4.9915122627360855,0.010102708878426236,1297.3159595862012
365,196,-0.43147491268863813,0.5883450746490466,0.003924490902852983,0.9978236571118166,0.5102708878426236,0.9878088121337409,0.6530070447894281,0.5074565327154207,4.9915122627360855,0.010102708878426236,1296.3426436401223
365,197,-0.4314782093443682,0.5883450746490467,0.003924490902852983,0.9978236571118166,0.5102708878426236,0.9926598291105078,0.6530070447894281,0.5074565327154207,4.9915122627360855,0.010102708878426236,1297.7979487331522
365,198,-0.4314806885649645,0.5883450746490466,0.003924490902852983,0.9978236571118166,0.5102708878426236,0.9963079932461574,0.6530070447894281,0.5074565327154207,4.9915122627360855,0.010102708878426236,1298.8923979738472
365,199,-0.43148054800041297,0.5883450746490466,0.003924490902852983,0.9978236571118166,0.5102708878426236,0.9961011530171954,0.6530070447894281,0.5074565327154207,4.9915122627360855,0.010102708878426236,1298.8303459051585
