iteration,candidate_index,objective,phi_n,u_avg_n,ar_n,lt_1_n,a_0_n,phi,u_avg,ar,lt_1,a_0
127,0,-0.4347575566075713,0.5541869058465795,0.0003289825711923495,0.9990417311986626,0.5583262595547753,0.9992313173706364,0.6325121435079477,0.5006250668852654,4.996262751674784,0.010583262595547753,1299.7693952111908
127,1,-0.4347553570068162,0.5547089032207405,0.00032898254488409695,0.9990318296808754,0.5583262011281276,0.9991560381229686,0.6328253419324443,0.5006250668352797,4.996224135755414,0.010583262011281274,1299.7468114368905
127,2,-0.4347558703286155,0.5543017892050816,0.0003289825449553064,0.999028503739602,0.5583261379249909,0.9992031059509419,0.632581073523049,0.5006250668354151,4.996211164584448,0.010583261379249908,1299.7609317852825
127,3,-0.43474793785955534,0.5552158503381072,0.0003289825435513178,0.998978905638678,0.558326113066028,0.9991020593868316,0.6331295102028643,0.5006250668327475,4.996017731990844,0.010583261130660278,1299.7306178160495
127,4,-0.4347447118785612,0.5543698425304174,0.00032898253649799817,0.9989302217867462,0.5583262976154911,0.9991296960973792,0.6326219055182505,0.5006250668193462,4.9958278649683105,0.01058326297615491,1299.7389088292139
127,5,-0.43475660694727575,0.554577245236712,0.0003289825343812486,0.9990403586803049,0.5583260664579731,0.9991416940946162,0.6327463471420273,0.5006250668153244,4.996257398853189,0.01058326066457973,1299.7425082283848
127,6,-0.43475649075743705,0.5541869058465795,0.0003289825711923495,0.9990322227687805,0.5583262595547753,0.9992271188002284,0.6325121435079477,0.5006250668852654,4.996225668798244,0.010583262595547753,1299.7681356400685
127,7,-0.4347550113108296,0.5543065266266407,0.0003289825313741046,0.9990209969779285,0.5583259682045942,0.9991872596585945,0.6325839159759845,0.5006250668096108,4.996181888213921,0.010583259682045942,1299.7561778975783
127,8,-0.24082422872670456,0.48057286704897473,0.5,1.0,0.015,1.0,0.5883437202293849,1.45,5.0,0.00515,1300.0
127,9,-0.43475738915703765,0.5542799093968788,0.00032898254421479027,0.9990417311986626,0.5583262332023508,0.9992068056012029,0.6325679456381272,0.5006250668340081,4.996262751674784,0.010583262332023507,1299.7620416803609
127,10,-0.43475527399078234,0.5549412120950347,0.0003289825406259841,0.9990369498489367,0.5583258976295196,0.9991044569583073,0.6329647272570209,0.5006250668271893,4.996244104410852,0.010583258976295196,1299.7313370874922
127,11,-0.29923756712458144,0.6915292089885622,0.5,1.0,0.015,1.0,0.7149175253931374,1.45,5.0,0.00515,1300.0
127,12,-0.43475629191712484,0.5545159847003297,0.0003289825339414613,0.9990364407437434,0.5583258976058676,0.9991284644952596,0.6327095908201978,0.5006250668144888,4.996242118900599,0.010583258976058675,1299.738539348578
127,13,-0.4347479896861219,0.5552114491086101,0.00032898254437335885,0.9989789941931043,0.5583259944518442,0.9991408142208473,0.6331268694651662,0.5006250668343094,4.996018077353106,0.01058325994451844,1299.7422442662541
127,14,-0.43475055281721975,0.5550759377235326,0.00032898257569089243,0.9989978810394904,0.558325878007635,0.9991665785582222,0.6330455626341196,0.5006250668938127,4.996091736054012,0.010583258780076349,1299.7499735674667
127,15,-0.25285122447757663,0.5170934727052703,0.5,1.0,0.015,1.0,0.6102560836231622,1.45,5.0,0.00515,1300.0
127,16,-0.4347533667748249,0.5546683711029261,0.00032898254421479027,0.9990128517715353,0.5583262110750697,0.9992013061071048,0.6328010226617558,0.5006250668340081,4.996150121908988,0.010583262110750696,1299.7603918321315
127,17,-0.261043576090956,0.5433957861190385,0.5,1.0,0.015,1.0,0.6260374716714232,1.45,5.0,0.00515,1300.0
127,18,-0.4347505947639291,0.5552320670539087,0.0003289825315297432,0.9990031711109993,0.5583260432717285,0.9991044569583073,0.6331392402323452,0.5006250668099065,4.9961123673328975,0.010583260432717284,1299.7313370874922
127,19,-0.4347551047520559,0.554577245236712,0.000328982536991097,0.9990268632432502,0.5583260469800446,0.9991498965778052,0.6327463471420273,0.5006250668202831,4.996204766648676,0.010583260469800446,1299.7449689733417
127,20,-0.2942312798086933,0.668556879161017,0.5,1.0,0.015,1.0,0.7011341274966103,1.45,5.0,0.00515,1300.0
127,21,-0.43475143595001287,0.5548975776875162,0.00032898253798891683,0.9990013049176745,0.558326154275856,0.9991321926969002,0.6329385466125097,0.5006250668221789,4.996105089178931,0.010583261542758559,1299.7396578090702
127,22,-0.23051342603042485,0.4508717438661111,0.5,1.0,0.015,1.0,0.5705230463196667,1.45,5.0,0.00515,1300.0
127,23,-0.4347528431851165,0.5550804937603054,0.000328982543843907,0.9990183600430913,0.558325947350362,0.9991904620491261,0.6330482962561833,0.5006250668333034,4.996171604168056,0.01058325947350362,1299.7571386147379
127,24,-0.43475172649274774,0.555034571063075,0.0003289825441319335,0.9990073425642779,0.5583260593152247,0.9991521418918271,0.633020742637845,0.5006250668338507,4.996128636000684,0.010583260593152247,1299.7456425675482
127,25,-0.434753776805893,0.5549415731432109,0.000328982534237566,0.999023402523993,0.5583258999701011,0.9991284644952596,0.6329649438859266,0.5006250668150514,4.996191269843573,0.010583258999701011,1299.738539348578
127,26,-0.4347558594847591,0.5543093391236005,0.00032898254032987943,0.9990291586694622,0.5583258999499261,0.9991044569583073,0.6325856034741604,0.5006250668266268,4.996213718810902,0.01058325899949926,1299.7313370874922
127,27,-0.4347565988553367,0.5543303723642403,0.0003289825895913929,0.999035513464153,0.5583258942076292,0.9991975385983806,0.6325982234185442,0.5006250669202237,4.996238502510197,0.010583258942076292,1299.7592615795143
127,28,-0.4347556488021327,0.555003554388187,0.00032898254075178364,0.9990413597959149,0.5583259699903176,0.9991943204015239,0.6330021326329123,0.5006250668274284,4.996261303204069,0.010583259699903175,1299.758296120457
127,29,-0.22711465363855923,0.4413556741933563,0.5,1.0,0.015,1.0,0.5648134045160138,1.45,5.0,0.00515,1300.0
127,30,-0.43475330597603246,0.5543698425304174,0.0003289825459874702,0.9990071188412023,0.5583261058507677,0.9991296960973792,0.6326219055182505,0.5006250668373762,4.996127763480689,0.010583261058507676,1299.7389088292139
127,31,-0.43475371452456824,0.5543489090590495,0.00032898254437509065,0.999010411756882,0.558326199976883,0.9991323633453012,0.6326093454354298,0.5006250668343126,4.99614060585184,0.01058326199976883,1299.7397090035904
127,32,-0.4347558192875656,0.5547823554912503,0.00032898254421479027,0.99903730032928,0.5583261839292429,0.9992066652754051,0.6328694132947502,0.5006250668340081,4.996245471284192,0.010583261839292429,1299.7619995826215
127,33,-0.4347454184740585,0.5551792402807953,0.0003289825281011156,0.9989548789390659,0.5583260929808033,0.9991622372055657,0.6331075441684773,0.5006250668033921,4.9959240278623565,0.010583260929808032,1299.7486711616698
127,34,-0.43475533609779726,0.5551135280363351,0.00032898254177490403,0.9990417311986626,0.5583260991700338,0.9991706925238162,0.6330681168218011,0.5006250668293724,4.996262751674784,0.010583260991700337,1299.7512077571448
127,35,-0.4347529189888524,0.5553090939506831,0.0003289825422475347,0.9990260906899218,0.5583259691259098,0.9991469679250612,0.6331854563704098,0.5006250668302703,4.996201753690695,0.010583259691259096,1299.7440903775184
127,36,-0.43475267789913874,0.5543855178712607,0.0003289825312385513,0.999001680569861,0.5583259979954261,0.9991426766740071,0.6326313107227564,0.5006250668093533,4.996106554222458,0.010583259979954261,1299.7428030022022
127,37,-0.4347542543008697,0.5550145310725969,0.00032898254519456724,0.9990291821223568,0.5583260233631097,0.999191870917777,0.6330087186435582,0.5006250668358697,4.996213810277192,0.010583260233631096,1299.757561275333
127,38,-0.4347484028757339,0.5542689115367421,0.0003289825446118557,0.998961297703991,0.5583261313353645,0.999187149774205,0.6325613469220452,0.5006250668347625,4.995949061045565,0.010583261313353643,1299.7561449322616
127,39,-0.43474958775998523,0.5541869058465795,0.00032898257908684896,0.9989707388478059,0.55832608772445,0.9991856254646855,0.6325121435079477,0.500625066900265,4.995985881506442,0.0105832608772445,1299.7556876394056
127,40,-0.43474955559380757,0.555283167880437,0.000328982574482453,0.998994859352738,0.5583260677292814,0.9991938549782489,0.6331699007282623,0.5006250668915166,4.996079951475679,0.010583260677292813,1299.7581564934746
127,41,-0.4347542939552168,0.5547307830289433,0.00032898254562336286,0.9990228290860346,0.5583259400880101,0.9991523384727076,0.632838469817366,0.5006250668366844,4.9961890334355346,0.010583259400880101,1299.7457015418122
127,42,-0.43475319766435094,0.5555771651596484,0.00032898254544737907,0.9990374924661424,0.5583260696191757,0.9991617577521628,0.633346299095789,0.50062506683635,4.996246220617955,0.010583260696191758,1299.7485273256489
127,43,-0.43474927226231774,0.5550960479829776,0.00032898258237695245,0.9989870934542886,0.5583258958989561,0.9991481630722979,0.6330576287897867,0.5006250669065162,4.996049664471725,0.01058325895898956,1299.7444489216894
127,44,-0.43474894523532576,0.5541945624905256,0.000328982523457269,0.9989653295359484,0.5583261053400582,0.9991488075504786,0.6325167374943154,0.5006250667945689,4.995964785190199,0.010583261053400583,1299.7446422651435
127,45,-0.43475580707065425,0.5549592779815641,0.00032898254066526805,0.9990417311986626,0.5583261743601811,0.9991750001987575,0.6329755667889385,0.500625066827264,4.996262751674784,0.010583261743601809,1299.7525000596272
127,46,-0.434752970883545,0.5550058352396708,0.000328982546265181,0.9990175930330212,0.5583263162747463,0.9991697087085307,0.6330035011438025,0.5006250668379039,4.996168612828782,0.010583263162747462,1299.7509126125592
127,47,-0.2808075888880888,0.6133544455071795,0.5,1.0,0.015,1.0,0.6680126673043078,1.45,5.0,0.00515,1300.0
127,48,-0.4347516948971878,0.5550334467907376,0.00032898255192041623,0.9990071188412023,0.5583261058507677,0.9991379015216739,0.6330200680744427,0.5006250668486488,4.996127763480689,0.010583261058507676,1299.7413704565022
127,49,-0.4347506203895262,0.5552353586829241,0.00032898253153787666,0.9990031711109993,0.558326005639574,0.9991562187412348,0.6331412152097544,0.5006250668099219,4.9961123673328975,0.01058326005639574,1299.7468656223705
127,50,-0.2560750432893269,0.5272904788202946,0.5,1.0,0.015,1.0,0.6163742872921767,1.45,5.0,0.00515,1300.0
127,51,-0.43475172117110744,0.5550334467907376,0.0003289825524675078,0.9990073724620503,0.5583261058507677,0.99913501685546,0.6330200680744427,0.5006250668496882,4.9961287526019955,0.010583261058507676,1299.740505056638
127,52,-0.25746482840788165,0.5317461464230082,0.5,1.0,0.015,1.0,0.6190476878538049,1.45,5.0,0.00515,1300.0
127,53,-0.4347549225526376,0.5550776311104197,0.0003289825443994838,0.9990369482375759,0.5583259538072478,0.9991825980072463,0.6330465786662518,0.500625066834359,4.996244098126546,0.010583259538072477,1299.7547794021739
127,54,-0.434754791312357,0.555216682635312,0.0003289825456501545,0.9990401108098701,0.5583260928586663,0.9991319363213141,0.6331300095811871,0.5006250668367352,4.996256432158493,0.010583260928586663,1299.7395808963943
127,55,-0.43475684460376285,0.5541945624905256,0.000328982523457269,0.9990359960112991,0.5583261053400582,0.9991488075504786,0.6325167374943154,0.5006250667945689,4.996240384444066,0.010583261053400583,1299.7446422651435
127,56,-0.43475394696470504,0.5543698425304174,0.0003289825459874702,0.9990128540285658,0.5583261058507677,0.9991296960973792,0.6326219055182505,0.5006250668373762,4.996150130711406,0.010583261058507676,1299.7389088292139
127,57,-0.43475522540498995,0.5545750385836733,0.00032898255140704927,0.9990275321959927,0.5583259995991336,0.9992077118849435,0.6327450231502041,0.5006250668476734,4.996207375564372,0.010583259995991336,1299.762313565483
127,58,-0.43475631703965884,0.55463675684047,0.00032898256336178253,0.9990384501914145,0.5583261666544046,0.9992236124092833,0.632782054104282,0.5006250668703874,4.996249955746516,0.010583261666544046,1299.767083722785
127,59,-0.43475114258663616,0.5548135712209048,0.00032898254223468295,0.9989961715214617,0.5583259800847946,0.9992068399159574,0.6328881427325429,0.5006250668302459,4.9960850689337,0.010583259800847945,1299.7620519747873
127,60,-0.43475201783154493,0.555048634861903,0.0003289825379408946,0.9990103409609157,0.5583261058507677,0.9991507675608409,0.6330291809171418,0.5006250668220877,4.996140329747571,0.010583261058507676,1299.7452302682523
127,61,-0.4347536597339204,0.5551877611546105,0.00032898252631654044,0.9990291939906573,0.558326061619654,0.9991199577927481,0.6331126566927663,0.5006250668000014,4.996213856563563,0.010583260616196539,1299.7359873378246
127,62,-0.43475750093883353,0.5541945624905256,0.0003289825286704717,0.9990417311986626,0.5583259745143486,0.9991707778386633,0.6325167374943154,0.5006250668044739,4.996262751674784,0.010583259745143486,1299.751233351599
127,63,-0.4347574856758071,0.5541945624905256,0.000328982523457269,0.9990417311986626,0.5583261030192147,0.9991488075504786,0.6325167374943154,0.5006250667945689,4.996262751674784,0.010583261030192147,1299.7446422651435
127,64,-0.2498020167278767,0.5076173783120124,0.5,1.0,0.015,1.0,0.6045704269872074,1.45,5.0,0.00515,1300.0
127,65,-0.4347543205226539,0.5546510172226629,0.0003289825399564627,0.9990214319388189,0.5583260298199304,0.9991374955242082,0.6327906103335977,0.5006250668259172,4.996183584561393,0.010583260298199303,1299.7412486572625
127,66,-0.43475365198089216,0.5547694378494377,0.0003289825384948747,0.9990178319818889,0.5583260328980417,0.9991714333876991,0.6328616627096626,0.5006250668231402,4.996169544729367,0.010583260328980416,1299.7514300163098
127,67,-0.4347496044505164,0.5550857253587921,0.0003289825546407801,0.9989895950797123,0.5583260117053739,0.999176530288631,0.6330514352152753,0.5006250668538175,4.996059420810878,0.010583260117053739,1299.7529590865893
127,68,-0.30772222364660284,0.7347468564791739,0.5,1.0,0.015,1.0,0.7408481138875045,1.45,5.0,0.00515,1300.0
127,69,-0.4347532756729232,0.5549507051536907,0.00032898253084576217,0.9990187004619154,0.5583261055050951,0.9991982849354861,0.6329704230922144,0.500625066808607,4.99617293180147,0.01058326105505095,1299.7594854806457
127,70,-0.43475475552633497,0.5550334467907376,0.00032898254352167923,0.9990342522300776,0.5583261701754382,0.9991798215821499,0.6330200680744427,0.5006250668326911,4.996233583697302,0.01058326170175438,1299.753946474645
127,71,-0.43475656548748376,0.5546796236457276,0.0003289825438028049,0.9990417311986626,0.5583262774162916,0.9991994963038603,0.6328077741874366,0.5006250668332253,4.996262751674784,0.010583262774162916,1299.759848891158
127,72,-0.434756888585331,0.5545319521816484,0.0003289825408146625,0.9990417311986626,0.5583262762455483,0.9991823094961001,0.632719171308989,0.5006250668275478,4.996262751674784,0.010583262762455482,1299.75469284883
127,73,-0.4347479471046419,0.5552328908229504,0.00032898254437335885,0.9989789941931043,0.558325859827365,0.9991825564852719,0.6331397344937703,0.5006250668343094,4.996018077353106,0.01058325859827365,1299.7547669455817
127,74,-0.4347529922867969,0.554158425501247,0.00032898253488554885,0.9990011034093741,0.5583261059715995,0.9991398004131011,0.6324950553007482,0.5006250668162825,4.996104303296558,0.010583261059715994,1299.7419401239304
127,75,-0.4347543189260277,0.5544365924663057,0.00032898254469656104,0.9990173599029959,0.5583258976058676,0.999124731575507,0.6326619554797834,0.5006250668349235,4.996167703621683,0.010583258976058675,1299.7374194726522
127,76,-0.4347552859255516,0.5544492347644414,0.00032898253334340255,0.9990261996819498,0.5583261058507677,0.9991296960973792,0.6326695408586649,0.5006250668133525,4.996202178759605,0.010583261058507676,1299.7389088292139
127,77,-0.43475611495508754,0.5545893614828648,0.0003289825703964892,0.9990361375273527,0.5583258951270519,0.9991518397447859,0.6327536168897189,0.5006250668837533,4.996240936356676,0.010583258951270519,1299.7455519234359
127,78,-0.2500420982717094,0.5083577928458861,0.5,1.0,0.015,1.0,0.6050146757075316,1.45,5.0,0.00515,1300.0
127,79,-0.43475229044777036,0.5546710543829367,0.0003289825369249647,0.9990036810616846,0.5583261026813106,0.9991381475790359,0.632802632629762,0.5006250668201574,4.99611435614057,0.010583261026813104,1299.7414442737108
127,80,-0.4347530760652479,0.5543385400118592,0.0003289825379503851,0.9990045411888918,0.5583260947617943,0.9991313489314445,0.6326031240071155,0.5006250668221057,4.996117710636678,0.010583260947617943,1299.7394046794334
127,81,-0.4347508607533015,0.555750395241662,0.0003289825315297432,0.9990232958105486,0.5583258976058676,0.9991129636608187,0.6334502371449973,0.5006250668099065,4.9961908536611395,0.010583258976058675,1299.7338890982455
127,82,-0.4347516092265112,0.5542676406081908,0.0003289825362406333,0.9989896911940689,0.558326001612012,0.9992304454239056,0.6325605843649145,0.5006250668188572,4.996059795656869,0.01058326001612012,1299.7691336271716
127,83,-0.4347466474472894,0.5554661714053896,0.00032898258623888455,0.9989751294336753,0.5583259089611667,0.9991355381683402,0.6332797028432338,0.5006250669138539,4.9960030047913335,0.010583259089611666,1299.740661450502
127,84,-0.4347291237505308,0.5555715714997653,0.0003289825422475347,0.9988216962230236,0.5583259190922357,0.9991570659257125,0.6333429428998592,0.5006250668302703,4.995404615269792,0.010583259190922355,1299.7471197777138
127,85,-0.4347547232949994,0.5544409079669016,0.0003289825519309341,0.9990209735709132,0.5583259192236663,0.9991373402889157,0.632664544780141,0.5006250668486688,4.996181796926562,0.010583259192236662,1299.7412020866748
127,86,-0.4347563937272566,0.5544706606193789,0.0003289825433749105,0.9990364407437434,0.558326023978466,0.9991390900645474,0.6326823963716274,0.5006250668324124,4.996242118900599,0.010583260239784658,1299.7417270193641
127,87,-0.305266049126438,0.7215767603965454,0.5,1.0,0.015,1.0,0.7329460562379273,1.45,5.0,0.00515,1300.0
127,88,-0.4347537945027341,0.5549682491315786,0.0003289825455839545,0.9990240000745156,0.5583260571066422,0.9991670762308996,0.6329809494789471,0.5006250668366096,4.996193600290611,0.01058326057106642,1299.75012286927
127,89,-0.4347496192942553,0.5557286489544718,0.00032898255856566666,0.9990113014524293,0.5583258948642297,0.9991192284425818,0.6334371893726831,0.5006250668612747,4.996144075664475,0.010583258948642295,1299.7357685327745
127,90,-0.43474287788627997,0.5552532010743956,0.00032898253927070656,0.9989345177927279,0.5583261183750617,0.9991345280120465,0.6331519206446374,0.5006250668246144,4.995844619391638,0.010583261183750615,1299.740358403614
127,91,-0.4347533059760523,0.5543698425304174,0.000328982545955459,0.9990071188412023,0.5583261058507677,0.9991296960973792,0.6326219055182505,0.5006250668373153,4.996127763480689,0.010583261058507676,1299.7389088292139
127,92,-0.4347552721352127,0.5551112244642713,0.0003289825459808017,0.9990411947865612,0.558325859827365,0.9991557346823627,0.6330667346785628,0.5006250668373635,4.9962606596675885,0.01058325859827365,1299.7467204047089
127,93,-0.434750298873149,0.5552893065132783,0.00032898254439935813,0.9990018030440997,0.5583260922202747,0.9991785395156911,0.6331735839079671,0.5006250668343588,4.996107031871989,0.010583260922202747,1299.7535618547074
127,94,-0.43475412854819634,0.5551225137851191,0.0003289825443220251,0.9990315057716159,0.5583260389120178,0.9991189400371228,0.6330735082710715,0.5006250668342118,4.996222872509302,0.010583260389120178,1299.7356820111368
127,95,-0.43474537217047854,0.5562230928980791,0.00032898254204324407,0.9989936897694629,0.5583260366679347,0.9991686570558859,0.6337338557388474,0.5006250668298822,4.996075390100906,0.010583260366679347,1299.7505971167657
127,96,-0.4347454148440312,0.5545596017232626,0.00032898254379110493,0.9989396373345114,0.5583259616430767,0.999176139875738,0.6327357610339576,0.5006250668332031,4.995864585604595,0.010583259616430765,1299.7528419627215
127,97,-0.434756353434415,0.5546121973420467,0.00032898254368301204,0.9990388827292545,0.5583258976058676,0.9991284644952596,0.632767318405228,0.5006250668329977,4.996251642644092,0.010583258976058675,1299.738539348578
127,98,-0.43475529564357984,0.5550150118225543,0.0003289825362072398,0.9990387528010501,0.558325859827365,0.9991557346823627,0.6330090070935326,0.5006250668187937,4.996251135924096,0.01058325859827365,1299.7467204047089
127,99,-0.4347546047117277,0.5553005958341262,0.0003289825443454904,0.9990410951988028,0.5583261243841223,0.9991189400371228,0.6331803575004757,0.5006250668342564,4.996260271275331,0.010583261243841222,1299.7356820111368
127,100,-0.4347550760349789,0.5549937179116056,0.0003289825457041479,0.9990359638486432,0.5583259222817918,0.9991955942914377,0.6329962307469634,0.5006250668368378,4.996240259009708,0.010583259222817918,1299.7586782874314
127,101,-0.4347573718499561,0.5542799093968788,0.00032898254421479027,0.9990417311986626,0.5583262139760463,0.9991825733931343,0.6325679456381272,0.5006250668340081,4.996262751674784,0.010583262139760463,1299.7547720179402
127,102,-0.43475333795282173,0.5549682491315786,0.0003289825460764549,0.9990196679175081,0.5583260763329465,0.9992054141624449,0.6329809494789471,0.5006250668375453,4.996176704878282,0.010583260763329464,1299.7616242487334
127,103,-0.4347529557930641,0.555750395241662,0.0003289825315297432,0.9990417311986626,0.5583258976058676,0.9991654706437934,0.6334502371449973,0.5006250668099065,4.996262751674784,0.010583258976058675,1299.749641193138
127,104,-0.4347548186441001,0.5543955838859508,0.00032898256136438327,0.9990209735709132,0.5583259192236663,0.9991479658582036,0.6326373503315705,0.5006250668665924,4.996181796926562,0.010583259192236662,1299.744389757461
127,105,-0.4347502541118884,0.5546354442141264,0.0003289825376191417,0.9989843306200861,0.5583259977602537,0.9991977523438852,0.6327812665284758,0.5006250668214763,4.996038889418336,0.010583259977602536,1299.7593257031656
127,106,-0.4347562921118136,0.5545159847003297,0.00032898253208075247,0.9990364407437434,0.5583258976058676,0.999128736348798,0.6327095908201978,0.5006250668109534,4.996242118900599,0.010583258976058675,1299.7386209046394
127,107,-0.23431809684312804,0.46167891196060684,0.5,1.0,0.015,1.0,0.5770073471763641,1.45,5.0,0.00515,1300.0
127,108,-0.4347543004661196,0.5550248895775638,0.0003289825435901315,0.999029824945912,0.5583259071376234,0.9992000069235902,0.6330149337465383,0.5006250668328213,4.996216317289057,0.010583259071376232,1299.760002077077
127,109,-0.43475304472297793,0.5550372788272122,0.0003289825440236872,0.9990193153683073,0.5583259242748243,0.9991374575581445,0.6330223672963273,0.500625066833645,4.996175329936399,0.010583259242748243,1299.7412372674435
127,110,-0.4347351155590001,0.5548882393914832,0.00032898253339192445,0.9988548254006688,0.5583260918619786,0.9991577328052452,0.63293294363489,0.5006250668134447,4.995533819062608,0.010583260918619785,1299.7473198415737
127,111,-0.4347459133221907,0.5543181108810156,0.0003289825320786278,0.998939954885302,0.5583260367105459,0.9991596932398699,0.6325908665286093,0.5006250668109494,4.995865824052678,0.010583260367105458,1299.747907971961
127,112,-0.3054659254971793,0.7226261853216555,0.5,1.0,0.015,1.0,0.7335757111929933,1.45,5.0,0.00515,1300.0
127,113,-0.4347526907031938,0.5543855178712607,0.0003289825312385513,0.999001680569861,0.5583259409161063,0.9991608959481524,0.6326313107227564,0.5006250668093533,4.996106554222458,0.010583259409161062,1299.7482687844458
127,114,-0.43475629215959105,0.5545159847003297,0.0003289825339414613,0.9990364407437434,0.5583259808039915,0.9991284644952596,0.6327095908201978,0.5006250668144888,4.996242118900599,0.010583259808039914,1299.738539348578
127,115,-0.43474802478138697,0.5551997576329144,0.0003289825318468294,0.9989789594290241,0.5583260795574009,0.9991406122687514,0.6331198545797487,0.500625066810509,4.996017941773195,0.010583260795574008,1299.7421836806254
127,116,-0.43475137396665015,0.5550605630283272,0.0003289825315297432,0.9990047825419434,0.5583260200223166,0.9991700336518904,0.6330363378169963,0.5006250668099065,4.996118651913579,0.010583260200223165,1299.7510100955672
127,117,-0.4347541825957077,0.5553090939506831,0.00032898253650613034,0.9990376601347732,0.5583259430071057,0.9991073752589529,0.6331854563704098,0.5006250668193617,4.996246874525616,0.010583259430071056,1299.732212577686
127,118,-0.4347516361444433,0.555750395241662,0.0003289825372711475,0.999030161753811,0.5583258601319883,0.9991258303502704,0.6334502371449973,0.5006250668208152,4.996217630839863,0.010583258601319881,1299.737749105081
127,119,-0.4347536695861565,0.5550248895775638,0.0003289825444427878,0.9990242511887446,0.5583259902759692,0.9991879632889085,0.6330149337465383,0.5006250668344413,4.996194579636104,0.010583259902759691,1299.7563889866726
127,120,-0.434753328976834,0.5549682491315786,0.0003289825448912837,0.9990196679175081,0.5583259735294359,0.9991932255890582,0.6329809494789471,0.5006250668352934,4.996176704878282,0.010583259735294358,1299.7579676767175
127,121,-0.43475367791704933,0.5550248895775638,0.0003289825435764823,0.9990242511887446,0.5583259066987629,0.9992000069235902,0.6330149337465383,0.5006250668327953,4.996194579636104,0.010583259066987628,1299.760002077077
127,122,-0.4347525642832499,0.5551413943345382,0.00032898254201325396,0.999017894062713,0.5583260883524683,0.9991416464066922,0.6330848366007229,0.5006250668298252,4.996169786844581,0.010583260883524683,1299.7424939220077
127,123,-0.4347520178328845,0.555048634861903,0.0003289825357779455,0.9990103409609157,0.5583261058507677,0.9991507675608409,0.6330291809171418,0.5006250668179781,4.996140329747571,0.010583261058507676,1299.7452302682523
127,124,-0.4347479471046419,0.5552328908229504,0.00032898254437335885,0.9989789941931043,0.558325859827365,0.9991825564852719,0.6331397344937703,0.5006250668343094,4.996018077353106,0.01058325859827365,1299.7547669455817
127,125,-0.43475354926915827,0.5553719372480757,0.0003289825324039569,0.9990339458574532,0.5583260126257823,0.9991150500569108,0.6332231623488453,0.5006250668115675,4.996232388844067,0.010583260126257822,1299.7345150170731
127,126,-0.43475330545015745,0.5553495719583312,0.0003289825322464973,0.9990310177016541,0.5583259195538754,0.9991189737760056,0.6332097431749988,0.5006250668112684,4.996220969036451,0.010583259195538753,1299.7356921328017
127,127,-0.434755072945004,0.555156718148213,0.0003289825315297432,0.9990409595835466,0.5583259343054752,0.9991172862136068,0.6330940308889279,0.5006250668099065,4.996259742375832,0.01058325934305475,1299.735185864082
127,128,-0.43475353619993845,0.5553005958341262,0.0003289825443220251,0.9990315536213886,0.5583261243841223,0.9991146174843346,0.6331803575004757,0.5006250668342118,4.996223059123416,0.010583261243841222,1299.7343852453005
127,129,-0.4347526909456618,0.5543855178712607,0.0003289825312385513,0.999001680569861,0.5583260241142303,0.9991608959481524,0.6326313107227564,0.5006250668093533,4.996106554222458,0.010583260241142301,1299.7482687844458
127,130,-0.4347560212220914,0.5548683796644955,0.00032898253235049346,0.9990417311986626,0.5583259817129813,0.999117119609122,0.6329210277986974,0.5006250668114659,4.996262751674784,0.010583259817129813,1299.7351358827366
127,131,-0.43475367791704933,0.5550248895775638,0.0003289825435764823,0.9990242511887446,0.5583259066987629,0.9992000069235902,0.6330149337465383,0.5006250668327953,4.996194579636104,0.010583259066987628,1299.760002077077
127,132,-0.43474961929185285,0.5557286489544718,0.00032898256245439644,0.9990113014524293,0.5583258948642297,0.9991192284425818,0.6334371893726831,0.5006250668686634,4.996144075664475,0.010583258948642295,1299.7357685327745
127,133,-0.43474908285012626,0.554578902429676,0.00032898252588850946,0.9989727205695709,0.5583262429833303,0.9991938111595324,0.6327473414578056,0.5006250667991882,4.995993610221326,0.010583262429833302,1299.7581433478597
127,134,-0.43475283015299143,0.5545272921947324,0.0003289825340519793,0.9990056161118485,0.5583260122156053,0.9991374955242082,0.6327163753168394,0.5006250668146988,4.996121902836209,0.010583260122156053,1299.7412486572625
127,135,-0.2979474853941984,0.6854561279858811,0.5,1.0,0.015,1.0,0.7112736767915286,1.45,5.0,0.00515,1300.0
127,136,-0.4347571353675486,0.5544282364997406,0.00032898256443130857,0.9990417311986626,0.5583260846233578,0.9992313173706364,0.6326569418998444,0.5006250668724195,4.996262751674784,0.010583260846233577,1299.7693952111908
127,137,-0.43475584860017846,0.5542638648868699,0.000328982523457269,0.9990281671120965,0.5583260972920009,0.9991351178324981,0.632558318932122,0.5006250667945689,4.996209851737176,0.010583260972920009,1299.7405353497495
127,138,-0.3137529238457019,0.7700905635139181,0.5,1.0,0.015,1.0,0.7620543381083509,1.45,5.0,0.00515,1300.0
127,139,-0.43475617613945133,0.5545159847003297,0.0003289825367636739,0.999035348921095,0.5583262172485519,0.999135908391945,0.6327095908201978,0.500625066819851,4.99623786079227,0.010583262172485518,1299.7407725175835
127,140,-0.43475562905514903,0.5545723678644244,0.00032898254263104726,0.9990313396406985,0.5583260662846894,0.9991685140519502,0.6327434207186546,0.5006250668309989,4.996222224598724,0.010583260662846893,1299.750554215585
127,141,-0.28327438186609283,0.6229242973985861,0.5,1.0,0.015,1.0,0.6737545784391517,1.45,5.0,0.00515,1300.0
127,142,-0.4347473609419398,0.5549168018889148,0.0003289825381855471,0.9989650863436799,0.5583260682693473,0.9991672900927933,0.6329500811333488,0.5006250668225526,4.995963836740351,0.010583260682693472,1299.750187027838
127,143,-0.4347567735057838,0.554451729753252,0.0003289825459860328,0.9990392613848246,0.5583263204594892,0.9991750001987575,0.6326710378519512,0.5006250668373735,4.996253119400816,0.01058326320459489,1299.7525000596272
127,144,-0.434752490408299,0.5548497792076628,0.0003289825407229802,0.9990095886550403,0.5583261058507677,0.9991296960973792,0.6329098675245977,0.5006250668273736,4.996137395754657,0.010583261058507676,1299.7389088292139
127,145,-0.43475400434068323,0.555156718148213,0.00032898253330695384,0.9990314180061324,0.5583259343054752,0.9991130411867518,0.6330940308889279,0.5006250668132832,4.996222530223916,0.01058325934305475,1299.7339123560255
127,146,-0.43475546938588355,0.5549415731432109,0.00032898253216425067,0.9990385557607422,0.5583258999481876,0.9991283869693265,0.6329649438859266,0.5006250668111121,4.996250367466894,0.010583258999481876,1299.738516090798
127,147,-0.43475738915703765,0.5542799093968788,0.00032898254421479027,0.9990417311986626,0.5583262332023508,0.9992068056012029,0.6325679456381272,0.5006250668340081,4.996262751674784,0.010583262332023507,1299.7620416803609
127,148,-0.43475416581543136,0.5543093391236005,0.0003289825406259841,0.999014005432713,0.5583258999718396,0.9991044569583073,0.6325856034741604,0.5006250668271893,4.99615462118758,0.010583258999718395,1299.7313370874922
127,149,-0.4347538221933163,0.5547307830289433,0.0003289825456246131,0.9990186022218148,0.5583261058507677,0.9991523384727076,0.632838469817366,0.5006250668366867,4.996172548665077,0.010583261058507676,1299.7457015418122
127,150,-0.2348041649472936,0.4630719415089088,0.5,1.0,0.015,1.0,0.5778431649053453,1.45,5.0,0.00515,1300.0
127,151,-0.4347572182488082,0.5543759598875897,0.0003289825345896755,0.9990417311986626,0.5583262332023508,0.9992068056012029,0.6326255759325539,0.5006250668157204,4.996262751674784,0.010583262332023507,1299.7620416803609
127,152,-0.4347528630682322,0.5542894673805497,0.00032898254086366615,0.999001680569861,0.5583260241142303,0.9991608959481524,0.63257368042833,0.500625066827641,4.996106554222458,0.010583260241142301,1299.7482687844458
127,153,-0.4347560282568019,0.5548683796644955,0.00032898253235049346,0.9990417311986626,0.5583259817129813,0.9991270011303226,0.6329210277986974,0.5006250668114659,4.996262751674784,0.010583259817129813,1299.7381003390967
127,154,-0.4347538929996857,0.554998683771438,0.0003289825457307784,0.9990259454169259,0.5583261292198797,0.9991254608975728,0.6329992102628628,0.5006250668368885,4.996201187126012,0.010583261292198796,1299.7376382692719
127,155,-0.4347561760495963,0.5545159847003297,0.0003289825339414613,0.9990353999142954,0.5583260489274018,0.9991284644952596,0.6327095908201978,0.5006250668144888,4.996238059665751,0.010583260489274018,1299.738539348578
127,156,-0.4347556577205282,0.554577245236712,0.0003289825343812486,0.9990318910798709,0.5583260415090373,0.9991374955242082,0.6327463471420273,0.5006250668153244,4.996224375211496,0.010583260415090372,1299.7412486572625
127,157,-0.4347516444380404,0.5545669982070535,0.00032898255566876286,0.9989958034781022,0.5583261244923321,0.9991323975667871,0.6327401989242321,0.5006250668557707,4.996083633564599,0.010583261244923321,1299.7397192700362
127,158,-0.434754156652394,0.5547011341560024,0.00032898254035706564,0.9990209735709132,0.5583259663280198,0.9991479658582036,0.6328206804936014,0.5006250668266784,4.996181796926562,0.010583259663280198,1299.744389757461
127,159,-0.43475670116208026,0.5543287995777959,0.00032898254545325983,0.9990366464488609,0.5583261497277463,0.9991583527612491,0.6325972797466776,0.5006250668363612,4.996242921150557,0.010583261497277462,1299.7475058283749
127,160,-0.43475635504668253,0.554438130777154,0.000328982523457269,0.9990353325678516,0.5583262151670872,0.999166412737865,0.6326628784662924,0.5006250667945689,4.996237797014621,0.010583262151670872,1299.7499238213595
127,161,-0.26092638966034076,0.5430101489201506,0.5,1.0,0.015,1.0,0.6258060893520905,1.45,5.0,0.00515,1300.0
127,162,-0.43475191769510046,0.5553999943200576,0.0003289825262879954,0.999019762793414,0.5583258949238632,0.9991919073745562,0.6332399965920346,0.5006250667999472,4.996177074894314,0.01058325894923863,1299.757572212367
127,163,-0.43475615088040964,0.5548364925856853,0.00032898253791375153,0.9990417311986626,0.5583262900128115,0.9991767471350586,0.6329018955514112,0.5006250668220361,4.996262751674784,0.010583262900128114,1299.7530241405175
127,164,-0.43475723873550115,0.5543590387316818,0.00032898252988112944,0.9990417311986626,0.5583260004369952,0.9991925734652228,0.6326154232390091,0.5006250668067741,4.996262751674784,0.010583260004369951,1299.7577720395668
127,165,-0.21555014256401955,0.4098460852850221,0.5,1.0,0.015,1.0,0.5459076511710133,1.45,5.0,0.00515,1300.0
127,166,-0.43475749468313185,0.5541945624905256,0.000328982523457269,0.9990417311986626,0.5583261053400582,0.9991614504622999,0.6325167374943154,0.5006250667945689,4.996262751674784,0.010583261053400583,1299.74843513869
127,167,-0.4347558664487067,0.5549007320921967,0.00032898253163125715,0.9990409488708791,0.5583260494340774,0.9991477820913977,0.6329404392553181,0.5006250668100994,4.996259700596429,0.010583260494340774,1299.7443346274192
127,168,-0.43475563625349645,0.554577245236712,0.0003289825342797346,0.9990316325782063,0.5583259146297633,0.9991484346480631,0.6327463471420273,0.5006250668151315,4.996223367055004,0.010583259146297631,1299.744530394419
127,169,-0.43475715082395366,0.5543844829687019,0.000328982523457269,0.9990417311986626,0.5583260813985443,0.9991351178324981,0.6326306897812212,0.5006250667945689,4.996262751674784,0.010583260813985442,1299.7405353497495
127,170,-0.43475560654174933,0.5548205940132026,0.0003289825406259841,0.9990369498489367,0.5583259135229761,0.9991044569583073,0.6328923564079216,0.5006250668271893,4.996244104410852,0.01058325913522976,1299.7313370874922
127,171,-0.4347553611059139,0.5551056458752656,0.000328982523457269,0.9990417311986626,0.5583261053400582,0.9991707778386633,0.6330633875251594,0.5006250667945689,4.996262751674784,0.010583261053400583,1299.751233351599
127,172,-0.434754952898566,0.554216808662345,0.00032898254439935813,0.9990193153683073,0.5583258786313516,0.999160423933475,0.632530085197407,0.5006250668343588,4.996175329936399,0.010583258786313516,1299.7481271800425
127,173,-0.43475274301583655,0.555750395241662,0.0003289825392420574,0.9990401327831379,0.558325902187452,0.9991171769272644,0.6334502371449973,0.5006250668245599,4.9962565178542375,0.01058325902187452,1299.7351530781793
127,174,-0.43475568767778777,0.55498906229257,0.0003289825394835038,0.9990415653442494,0.5583259012616578,0.9991566802431371,0.6329934373755419,0.5006250668250186,4.996262104842573,0.010583259012616577,1299.747004072941
127,175,-0.4347552027930721,0.5548670009000749,0.00032898253515372745,0.9990338772051233,0.5583260533715404,0.9991943091351534,0.6329202005400449,0.5006250668167921,4.996232121099981,0.010583260533715402,1299.758292740546
127,176,-0.4347554797455205,0.5547039622482427,0.00032898254495513437,0.9990329368939428,0.5583259353682245,0.9991387806804924,0.6328223773489456,0.5006250668354147,4.996228453886377,0.010583259353682244,1299.7416342041477
127,177,-0.4347562921118136,0.5545159847003297,0.00032898253208075247,0.9990364407437434,0.5583258976058676,0.999128736348798,0.6327095908201978,0.5006250668109534,4.996242118900599,0.010583258976058675,1299.7386209046394
127,178,-0.43475058949583123,0.5550544960091923,0.00032898257569089243,0.9989978810394904,0.5583260126321141,0.9991248362937977,0.6330326976055154,0.5006250668938127,4.996091736054012,0.010583260126321142,1299.7374508881394
127,179,-0.43475192401721824,0.55501466144143,0.00032898254470912374,0.9990086492728081,0.55832600564015,0.9991406926212878,0.633008796864858,0.5006250668349473,4.996133732163951,0.010583260056401499,1299.7422077863864
127,180,-0.43475193699864506,0.5550151917085602,0.0003289825454461288,0.9990087103999892,0.558326000868171,0.9991515844179193,0.6330091150251361,0.5006250668363477,4.996133970559958,0.010583260008681709,1299.7454753253758
127,181,-0.43475473249976654,0.5550550464426958,0.00032898254460503096,0.9990349741038885,0.5583261150546357,0.9991268398401034,0.6330330278656175,0.5006250668347496,4.9962363990051655,0.010583261150546357,1299.7380519520311
127,182,-0.4347515714028846,0.555278996182168,0.000328982546307943,0.9990132399361166,0.5583261151802543,0.9991217962943985,0.6331673977093009,0.5006250668379851,4.996151635750854,0.010583261151802543,1299.7365388883195
127,183,-0.43475588677783106,0.5549316664304973,0.0003289825404026771,0.9990417311986626,0.5583263204594892,0.9991750001987575,0.6329589998582984,0.5006250668267651,4.996262751674784,0.01058326320459489,1299.7525000596272
127,184,-0.43475283015299143,0.5545272921947324,0.0003289825340519793,0.9990056161118485,0.5583260122156053,0.9991374955242082,0.6327163753168394,0.5006250668146988,4.996121902836209,0.010583260122156053,1299.7412486572625
127,185,-0.4347555129151807,0.5545723678644244,0.00032898254545325983,0.9990302478180502,0.5583262595547753,0.9991759579486356,0.6327434207186546,0.5006250668363612,4.996217966490396,0.010583262595547753,1299.7527873845906
127,186,-0.4347547546996448,0.5550700618655575,0.00032898260295097275,0.9990351420614053,0.5583258942076292,0.9991975385983806,0.6330420371193346,0.5006250669456068,4.996237054039481,0.010583258942076292,1299.7592615795143
127,187,-0.43475290594233024,0.5553090939506831,0.0003289825422475347,0.9990260906899218,0.5583259430071057,0.9991287486509159,0.6331854563704098,0.5006250668302703,4.996201753690695,0.010583259430071056,1299.7386245952748
127,188,-0.4347518996307031,0.5551112244642713,0.00032898254439935813,0.9990110000464401,0.5583259543919169,0.9991549969528305,0.6330667346785628,0.5006250668343588,4.996142900181116,0.010583259543919168,1299.746499085849
127,189,-0.4347518186644704,0.5547645057828936,0.00032898253734617804,0.9990015128471625,0.5583260999668238,0.9991392721050468,0.6328587034697362,0.5006250668209578,4.9961059001039345,0.010583260999668238,1299.7417816315142
127,190,-0.43475550638359023,0.5548416541632528,0.0003289825409946414,0.9990363793152055,0.558326023978466,0.9991317894075757,0.6329049924979517,0.5006250668278898,4.996241879329301,0.010583260239784658,1299.7395368222728
127,191,-0.4347560263271121,0.5548748812835268,0.000328982523457269,0.9990417311986626,0.5583261053400582,0.9991488075504786,0.6329249287701162,0.5006250667945689,4.996262751674784,0.010583261053400583,1299.7446422651435
127,192,-0.43475656955838193,0.5542128440843669,0.00032898254439935813,0.9990336478088593,0.5583260505023668,0.9991714333876991,0.6325277064506202,0.5006250668343588,4.996231226454551,0.010583260505023668,1299.7514300163098
127,193,-0.4347515882897082,0.5550659825165621,0.0003289825519488198,0.999007029150025,0.5583261004564484,0.9991417216577414,0.6330395895099373,0.5006250668487028,4.996127413685098,0.010583261004564483,1299.7425164973224
127,194,-0.43475100140363915,0.5550576395199921,0.000328982550423545,0.9990015411098019,0.5583261053611431,0.9991423205910751,0.6330345837119953,0.5006250668458048,4.996106010328227,0.010583261053611431,1299.7426961773226
127,195,-0.4347466748208917,0.5543632972595114,0.00032898253582687047,0.998947697907152,0.5583259987689022,0.9991275230652632,0.6326179783557069,0.5006250668180711,4.995896021837893,0.010583259987689022,1299.738256919579
127,196,-0.434756659108768,0.5543115995860548,0.0003289825372045436,0.9990362893607064,0.5583261959387189,0.999112498988964,0.6325869597516329,0.5006250668206886,4.996241528506755,0.010583261959387188,1299.7337496966893
127,197,-0.28654337786299466,0.6359703592635576,0.5,1.0,0.015,1.0,0.6815822155581346,1.45,5.0,0.00515,1300.0
127,198,-0.43475042724212115,0.5551112244642713,0.00032898254442021644,0.9989976382086722,0.5583258617243934,0.9991833836833387,0.6330667346785628,0.5006250668343984,4.996090789013822,0.010583258617243933,1299.7550151050016
127,199,-0.43475696497099003,0.554349770175927,0.0003289825333220295,0.9990395250788213,0.5583260268043269,0.9991304826658092,0.6326098621055563,0.5006250668133119,4.996254147807403,0.010583260268043269,1299.7391447997427
