iteration,candidate_index,objective,phi_n,u_avg_n,ar_n,lt_1_n,a_0_n,phi,u_avg,ar,lt_1,a_0
488,0,-0.4157052676819013,0.6080665933697575,0.03515121317888212,0.9999986253082926,0.4941714297009894,0.9994198369408676,0.6648399560218545,0.5667873050398761,4.999994638702342,0.009941714297009893,1299.8259510822602
488,1,-0.4157052676819013,0.6080665933697575,0.03515121317888212,0.9999986253082926,0.4941714297009894,0.9994198369408676,0.6648399560218545,0.5667873050398761,4.999994638702342,0.009941714297009893,1299.8259510822602
488,2,-0.4157052676819013,0.6080665933697575,0.03515121317888212,0.9999986253082926,0.4941714297009894,0.9994198369408676,0.6648399560218545,0.5667873050398761,4.999994638702342,0.009941714297009893,1299.8259510822602
488,3,-0.4157052676819013,0.6080665933697575,0.03515121317888212,0.9999986253082926,0.4941714297009894,0.9994198369408676,0.6648399560218545,0.5667873050398761,4.999994638702342,0.009941714297009893,1299.8259510822602
488,4,-0.4157052676819013,0.6080665933697575,0.03515121317888212,0.9999986253082926,0.4941714297009894,0.9994198369408676,0.6648399560218545,0.5667873050398761,4.999994638702342,0.009941714297009893,1299.8259510822602
488,5,-0.4157052676819013,0.6080665933697575,0.03515121317888212,0.9999986253082926,0.4941714297009894,0.9994198369408676,0.6648399560218545,0.5667873050398761,4.999994638702342,0.009941714297009893,1299.8259510822602
488,6,-0.4157052676819013,0.6080665933697575,0.03515121317888212,0.9999986253082926,0.4941714297009894,0.9994198369408676,0.6648399560218545,0.5667873050398761,4.999994638702342,0.009941714297009893,1299.8259510822602
488,7,-0.4157052676819013,0.6080665933697575,0.03515121317888212,0.9999986253082926,0.4941714297009894,0.9994198369408676,0.6648399560218545,0.5667873050398761,4.999994638702342,0.009941714297009893,1299.8259510822602
488,8,-0.4157052676819013,0.6080665933697575,0.03515121317888212,0.9999986253082926,0.4941714297009894,0.9994198369408676,0.6648399560218545,0.5667873050398761,4.999994638702342,0.009941714297009893,1299.8259510822602
488,9,-0.4157052676819013,0.6080665933697575,0.03515121317888212,0.9999986253082926,0.4941714297009894,0.9994198369408676,0.6648399560218545,0.5667873050398761,4.999994638702342,0.009941714297009893,1299.8259510822602
488,10,-0.4157052676819013,0.6080665933697575,0.03515121317888212,0.9999986253082926,0.4941714297009894,0.9994198369408676,0.6648399560218545,0.5667873050398761,4.999994638702342,0.009941714297009893,1299.8259510822602
488,11,-0.4157052676819013,0.6080665933697575,0.03515121317888212,0.9999986253082926,0.4941714297009894,0.9994198369408676,0.6648399560218545,0.5667873050398761,4.999994638702342,0.009941714297009893,1299.8259510822602
488,12,-0.29761518770553375,0.6839099043413116,0.5,1.0,0.015,1.0,0.710345942604787,1.45,5.0,0.00515,1300.0
488,13,-0.4157052676819013,0.6080665933697575,0.03515121317888212,0.9999986253082926,0.4941714297009894,0.9994198369408676,0.6648399560218545,0.5667873050398761,4.999994638702342,0.009941714297009893,1299.8259510822602
488,14,-0.4157052676819013,0.6080665933697575,0.03515121317888212,0.9999986253082926,0.4941714297009894,0.9994198369408676,0.6648399560218545,0.5667873050398761,4.999994638702342,0.009941714297009893,1299.8259510822602
488,15,-0.4157052676819013,0.6080665933697575,0.03515121317888212,0.9999986253082926,0.4941714297009894,0.9994198369408676,0.6648399560218545,0.5667873050398761,4.999994638702342,0.009941714297009893,1299.8259510822602
488,16,-0.4157052676819013,0.6080665933697575,0.03515121317888212,0.9999986253082926,0.4941714297009894,0.9994198369408676,0.6648399560218545,0.5667873050398761,4.999994638702342,0.009941714297009893,1299.8259510822602
488,17,-0.4157052676819013,0.6080665933697575,0.03515121317888212,0.9999986253082926,0.4941714297009894,0.9994198369408676,0.6648399560218545,0.5667873050398761,4.999994638702342,0.009941714297009893,1299.8259510822602
488,18,-0.4157052676819013,0.6080665933697575,0.03515121317888212,0.9999986253082926,0.4941714297009894,0.9994198369408676,0.6648399560218545,0.5667873050398761,4.999994638702342,0.009941714297009893,1299.8259510822602
488,19,-0.2772674072964266,0.5999955972857278,0.5,1.0,0.015,1.0,0.6599973583714367,1.45,5.0,0.00515,1300.0
488,20,-0.4157052676819013,0.6080665933697575,0.03515121317888212,0.9999986253082926,0.4941714297009894,0.9994198369408676,0.6648399560218545,0.5667873050398761,4.999994638702342,0.009941714297009893,1299.8259510822602
488,21,-0.4157052676819013,0.6080665933697575,0.03515121317888212,0.9999986253082926,0.4941714297009894,0.9994198369408676,0.6648399560218545,0.5667873050398761,4.999994638702342,0.009941714297009893,1299.8259510822602
488,22,-0.4157052676819013,0.6080665933697575,0.03515121317888212,0.9999986253082926,0.4941714297009894,0.9994198369408676,0.6648399560218545,0.5667873050398761,4.999994638702342,0.009941714297009893,1299.8259510822602
488,23,-0.4157052676819013,0.6080665933697575,0.03515121317888212,0.9999986253082926,0.4941714297009894,0.9994198369408676,0.6648399560218545,0.5667873050398761,4.999994638702342,0.009941714297009893,1299.8259510822602
488,24,-0.4157052676819013,0.6080665933697575,0.03515121317888212,0.9999986253082926,0.4941714297009894,0.9994198369408676,0.6648399560218545,0.5667873050398761,4.999994638702342,0.009941714297009893,1299.8259510822602
488,25,-0.4157052676819013,0.6080665933697575,0.03515121317888212,0.9999986253082926,0.4941714297009894,0.9994198369408676,0.6648399560218545,0.5667873050398761,4.999994638702342,0.009941714297009893,1299.8259510822602
488,26,-0.4157052676819013,0.6080665933697575,0.03515121317888212,0.9999986253082926,0.4941714297009894,0.9994198369408676,0.6648399560218545,0.5667873050398761,4.999994638702342,0.009941714297009893,1299.8259510822602
488,27,-0.4157052676819013,0.6080665933697575,0.03515121317888212,0.9999986253082926,0.4941714297009894,0.9994198369408676,0.6648399560218545,0.5667873050398761,4.999994638702342,0.009941714297009893,1299.8259510822602
488,28,-0.4157052676819013,0.6080665933697575,0.03515121317888212,0.9999986253082926,0.4941714297009894,0.9994198369408676,0.6648399560218545,0.5667873050398761,4.999994638702342,0.009941714297009893,1299.8259510822602
488,29,-0.4157052676819013,0.6080665933697575,0.03515121317888212,0.9999986253082926,0.4941714297009894,0.9994198369408676,0.6648399560218545,0.5667873050398761,4.999994638702342,0.009941714297009893,1299.8259510822602
488,30,-0.4157052676819013,0.6080665933697575,0.03515121317888212,0.9999986253082926,0.4941714297009894,0.9994198369408676,0.6648399560218545,0.5667873050398761,4.999994638702342,0.009941714297009893,1299.8259510822602
488,31,-0.4157052676819013,0.6080665933697575,0.03515121317888212,0.9999986253082926,0.4941714297009894,0.9994198369408676,0.6648399560218545,0.5667873050398761,4.999994638702342,0.009941714297009893,1299.8259510822602
488,32,-0.4157052676819013,0.6080665933697575,0.03515121317888212,0.9999986253082926,0.4941714297009894,0.9994198369408676,0.6648399560218545,0.5667873050398761,4.999994638702342,0.009941714297009893,1299.8259510822602
488,33,-0.4157052676819013,0.6080665933697575,0.03515121317888212,0.9999986253082926,0.4941714297009894,0.9994198369408676,0.6648399560218545,0.5667873050398761,4.999994638702342,0.009941714297009893,1299.8259510822602
488,34,-0.4157052676819013,0.6080665933697575,0.03515121317888212,0.9999986253082926,0.4941714297009894,0.9994198369408676,0.6648399560218545,0.5667873050398761,4.999994638702342,0.009941714297009893,1299.8259510822602
488,35,-0.4157052676819013,0.6080665933697575,0.03515121317888212,0.9999986253082926,0.4941714297009894,0.9994198369408676,0.6648399560218545,0.5667873050398761,4.999994638702342,0.009941714297009893,1299.8259510822602
488,36,-0.4157052676819013,0.6080665933697575,0.03515121317888212,0.9999986253082926,0.4941714297009894,0.9994198369408676,0.6648399560218545,0.5667873050398761,4.999994638702342,0.009941714297009893,1299.8259510822602
488,37,-0.4157052676819013,0.6080665933697575,0.03515121317888212,0.9999986253082926,0.4941714297009894,0.9994198369408676,0.6648399560218545,0.5667873050398761,4.999994638702342,0.009941714297009893,1299.8259510822602
488,38,-0.4157052676819013,0.6080665933697575,0.03515121317888212,0.9999986253082926,0.4941714297009894,0.9994198369408676,0.6648399560218545,0.5667873050398761,4.999994638702342,0.009941714297009893,1299.8259510822602
488,39,-0.4157052676819013,0.6080665933697575,0.03515121317888212,0.9999986253082926,0.4941714297009894,0.9994198369408676,0.6648399560218545,0.5667873050398761,4.999994638702342,0.009941714297009893,1299.8259510822602
488,40,-0.4157052676819013,0.6080665933697575,0.03515121317888212,0.9999986253082926,0.4941714297009894,0.9994198369408676,0.6648399560218545,0.5667873050398761,4.999994638702342,0.009941714297009893,1299.8259510822602
488,41,-0.4157052676819013,0.6080665933697575,0.03515121317888212,0.9999986253082926,0.4941714297009894,0.9994198369408676,0.6648399560218545,0.5667873050398761,4.999994638702342,0.009941714297009893,1299.8259510822602
488,42,-0.4157052676819013,0.6080665933697575,0.03515121317888212,0.9999986253082926,0.4941714297009894,0.9994198369408676,0.6648399560218545,0.5667873050398761,4.999994638702342,0.009941714297009893,1299.8259510822602
488,43,-0.4157052676819013,0.6080665933697575,0.03515121317888212,0.9999986253082926,0.4941714297009894,0.9994198369408676,0.6648399560218545,0.5667873050398761,4.999994638702342,0.009941714297009893,1299.8259510822602
488,44,-0.4157052676819013,0.6080665933697575,0.03515121317888212,0.9999986253082926,0.4941714297009894,0.9994198369408676,0.6648399560218545,0.5667873050398761,4.999994638702342,0.009941714297009893,1299.8259510822602
488,45,-0.4157052676819013,0.6080665933697575,0.03515121317888212,0.9999986253082926,0.4941714297009894,0.9994198369408676,0.6648399560218545,0.5667873050398761,4.999994638702342,0.009941714297009893,1299.8259510822602
488,46,-0.4157052676819013,0.6080665933697575,0.03515121317888212,0.9999986253082926,0.4941714297009894,0.9994198369408676,0.6648399560218545,0.5667873050398761,4.999994638702342,0.009941714297009893,1299.8259510822602
488,47,-0.4157052676819013,0.6080665933697575,0.03515121317888212,0.9999986253082926,0.4941714297009894,0.9994198369408676,0.6648399560218545,0.5667873050398761,4.999994638702342,0.009941714297009893,1299.8259510822602
488,48,-0.4157052676819013,0.6080665933697575,0.03515121317888212,0.9999986253082926,0.4941714297009894,0.9994198369408676,0.6648399560218545,0.5667873050398761,4.999994638702342,0.009941714297009893,1299.8259510822602
488,49,-0.4157052676819013,0.6080665933697575,0.03515121317888212,0.9999986253082926,0.4941714297009894,0.9994198369408676,0.6648399560218545,0.5667873050398761,4.999994638702342,0.009941714297009893,1299.8259510822602
488,50,-0.4157052676819013,0.6080665933697575,0.03515121317888212,0.9999986253082926,0.4941714297009894,0.9994198369408676,0.6648399560218545,0.5667873050398761,4.999994638702342,0.009941714297009893,1299.8259510822602
488,51,-0.4157052676819013,0.6080665933697575,0.03515121317888212,0.9999986253082926,0.4941714297009894,0.9994198369408676,0.6648399560218545,0.5667873050398761,4.999994638702342,0.009941714297009893,1299.8259510822602
488,52,-0.4157052676819013,0.6080665933697575,0.03515121317888212,0.9999986253082926,0.4941714297009894,0.9994198369408676,0.6648399560218545,0.5667873050398761,4.999994638702342,0.009941714297009893,1299.8259510822602
488,53,-0.4157052676819013,0.6080665933697575,0.03515121317888212,0.9999986253082926,0.4941714297009894,0.9994198369408676,0.6648399560218545,0.5667873050398761,4.999994638702342,0.009941714297009893,1299.8259510822602
488,54,-0.4157052676819013,0.6080665933697575,0.03515121317888212,0.9999986253082926,0.4941714297009894,0.9994198369408676,0.6648399560218545,0.5667873050398761,4.999994638702342,0.009941714297009893,1299.8259510822602
488,55,-0.4157052676819013,0.6080665933697575,0.03515121317888212,0.9999986253082926,0.4941714297009894,0.9994198369408676,0.6648399560218545,0.5667873050398761,4.999994638702342,0.009941714297009893,1299.8259510822602
488,56,-0.4157052676819013,0.6080665933697575,0.03515121317888212,0.9999986253082926,0.4941714297009894,0.9994198369408676,0.6648399560218545,0.5667873050398761,4.999994638702342,0.009941714297009893,1299.8259510822602
488,57,-0.4157052676819013,0.6080665933697575,0.03515121317888212,0.9999986253082926,0.4941714297009894,0.9994198369408676,0.6648399560218545,0.5667873050398761,4.999994638702342,0.009941714297009893,1299.8259510822602
488,58,-0.4157052676819013,0.6080665933697575,0.03515121317888212,0.9999986253082926,0.4941714297009894,0.9994198369408676,0.6648399560218545,0.5667873050398761,4.999994638702342,0.009941714297009893,1299.8259510822602
488,59,-0.4157052676819013,0.6080665933697575,0.03515121317888212,0.9999986253082926,0.4941714297009894,0.9994198369408676,0.6648399560218545,0.5667873050398761,4.999994638702342,0.009941714297009893,1299.8259510822602
488,60,-0.4157052676819013,0.6080665933697575,0.03515121317888212,0.9999986253082926,0.4941714297009894,0.9994198369408676,0.6648399560218545,0.5667873050398761,4.999994638702342,0.009941714297009893,1299.8259510822602
488,61,-0.30735631616215703,0.7327456266930801,0.5,1.0,0.015,1.0,0.7396473760158482,1.45,5.0,0.00515,1300.0
488,62,-0.4157052676819013,0.6080665933697575,0.03515121317888212,0.9999986253082926,0.4941714297009894,0.9994198369408676,0.6648399560218545,0.5667873050398761,4.999994638702342,0.009941714297009893,1299.8259510822602
488,63,-0.4157052676819013,0.6080665933697575,0.03515121317888212,0.9999986253082926,0.4941714297009894,0.9994198369408676,0.6648399560218545,0.5667873050398761,4.999994638702342,0.009941714297009893,1299.8259510822602
488,64,-0.4157052676819013,0.6080665933697575,0.03515121317888212,0.9999986253082926,0.4941714297009894,0.9994198369408676,0.6648399560218545,0.5667873050398761,4.999994638702342,0.009941714297009893,1299.8259510822602
488,65,-0.4157052676819013,0.6080665933697575,0.03515121317888212,0.9999986253082926,0.4941714297009894,0.9994198369408676,0.6648399560218545,0.5667873050398761,4.999994638702342,0.009941714297009893,1299.8259510822602
488,66,-0.2971141455358817,0.6815920623676068,0.5,1.0,0.015,1.0,0.7089552374205641,1.45,5.0,0.00515,1300.0
488,67,-0.4157052676819013,0.6080665933697575,0.03515121317888212,0.9999986253082926,0.4941714297009894,0.9994198369408676,0.6648399560218545,0.5667873050398761,4.999994638702342,0.009941714297009893,1299.8259510822602
488,68,-0.4157052676819013,0.6080665933697575,0.03515121317888212,0.9999986253082926,0.4941714297009894,0.9994198369408676,0.6648399560218545,0.5667873050398761,4.999994638702342,0.009941714297009893,1299.8259510822602
488,69,-0.4157052676819013,0.6080665933697575,0.03515121317888212,0.9999986253082926,0.4941714297009894,0.9994198369408676,0.6648399560218545,0.5667873050398761,4.999994638702342,0.009941714297009893,1299.8259510822602
488,70,-0.4157052676819013,0.6080665933697575,0.03515121317888212,0.9999986253082926,0.4941714297009894,0.9994198369408676,0.6648399560218545,0.5667873050398761,4.999994638702342,0.009941714297009893,1299.8259510822602
488,71,-0.4157052676819013,0.6080665933697575,0.03515121317888212,0.9999986253082926,0.4941714297009894,0.9994198369408676,0.6648399560218545,0.5667873050398761,4.999994638702342,0.009941714297009893,1299.8259510822602
488,72,-0.2820763018089805,0.6182482400926028,0.5,1.0,0.015,1.0,0.6709489440555617,1.45,5.0,0.00515,1300.0
488,73,-0.4157052676819013,0.6080665933697575,0.03515121317888212,0.9999986253082926,0.4941714297009894,0.9994198369408676,0.6648399560218545,0.5667873050398761,4.999994638702342,0.009941714297009893,1299.8259510822602
488,74,-0.4157052676819013,0.6080665933697575,0.03515121317888212,0.9999986253082926,0.4941714297009894,0.9994198369408676,0.6648399560218545,0.5667873050398761,4.999994638702342,0.009941714297009893,1299.8259510822602
488,75,-0.4157052676819013,0.6080665933697575,0.03515121317888212,0.9999986253082926,0.4941714297009894,0.9994198369408676,0.6648399560218545,0.5667873050398761,4.999994638702342,0.009941714297009893,1299.8259510822602
488,76,-0.4157052676819013,0.6080665933697575,0.03515121317888212,0.9999986253082926,0.4941714297009894,0.9994198369408676,0.6648399560218545,0.5667873050398761,4.999994638702342,0.009941714297009893,1299.8259510822602
488,77,-0.4157052676819013,0.6080665933697575,0.03515121317888212,0.9999986253082926,0.4941714297009894,0.9994198369408676,0.6648399560218545,0.5667873050398761,4.999994638702342,0.009941714297009893,1299.8259510822602
488,78,-0.4157052676819013,0.6080665933697575,0.03515121317888212,0.9999986253082926,0.4941714297009894,0.9994198369408676,0.6648399560218545,0.5667873050398761,4.999994638702342,0.009941714297009893,1299.8259510822602
488,79,-0.4157052676819013,0.6080665933697575,0.03515121317888212,0.9999986253082926,0.4941714297009894,0.9994198369408676,0.6648399560218545,0.5667873050398761,4.999994638702342,0.009941714297009893,1299.8259510822602
488,80,-0.4157052676819013,0.6080665933697575,0.03515121317888212,0.9999986253082926,0.4941714297009894,0.9994198369408676,0.6648399560218545,0.5667873050398761,4.999994638702342,0.009941714297009893,1299.8259510822602
488,81,-0.4157052676819013,0.6080665933697575,0.03515121317888212,0.9999986253082926,0.4941714297009894,0.9994198369408676,0.6648399560218545,0.5667873050398761,4.999994638702342,0.009941714297009893,1299.8259510822602
488,82,-0.4157052676819013,0.6080665933697575,0.03515121317888212,0.9999986253082926,0.4941714297009894,0.9994198369408676,0.6648399560218545,0.5667873050398761,4.999994638702342,0.009941714297009893,1299.8259510822602
488,83,-0.4157052676819013,0.6080665933697575,0.03515121317888212,0.9999986253082926,0.4941714297009894,0.9994198369408676,0.6648399560218545,0.5667873050398761,4.999994638702342,0.009941714297009893,1299.8259510822602
488,84,-0.4157052676819013,0.6080665933697575,0.03515121317888212,0.9999986253082926,0.4941714297009894,0.9994198369408676,0.6648399560218545,0.5667873050398761,4.999994638702342,0.009941714297009893,1299.8259510822602
488,85,-0.4157052676819013,0.6080665933697575,0.03515121317888212,0.9999986253082926,0.4941714297009894,0.9994198369408676,0.6648399560218545,0.5667873050398761,4.999994638702342,0.009941714297009893,1299.8259510822602
488,86,-0.4157052676819013,0.6080665933697575,0.03515121317888212,0.9999986253082926,0.4941714297009894,0.9994198369408676,0.6648399560218545,0.5667873050398761,4.999994638702342,0.009941714297009893,1299.8259510822602
488,87,-0.4157052676819013,0.6080665933697575,0.03515121317888212,0.9999986253082926,0.4941714297009894,0.9994198369408676,0.6648399560218545,0.5667873050398761,4.999994638702342,0.009941714297009893,1299.8259510822602
488,88,-0.4157052676819013,0.6080665933697575,0.03515121317888212,0.9999986253082926,0.4941714297009894,0.9994198369408676,0.6648399560218545,0.5667873050398761,4.999994638702342,0.009941714297009893,1299.8259510822602
488,89,-0.4157052676819013,0.6080665933697575,0.03515121317888212,0.9999986253082926,0.4941714297009894,0.9994198369408676,0.6648399560218545,0.5667873050398761,4.999994638702342,0.009941714297009893,1299.8259510822602
488,90,-0.4157052676819013,0.6080665933697575,0.03515121317888212,0.9999986253082926,0.4941714297009894,0.9994198369408676,0.6648399560218545,0.5667873050398761,4.999994638702342,0.009941714297009893,1299.8259510822602
488,91,-0.4157052676819013,0.6080665933697575,0.03515121317888212,0.9999986253082926,0.4941714297009894,0.9994198369408676,0.6648399560218545,0.5667873050398761,4.999994638702342,0.009941714297009893,1299.8259510822602
488,92,-0.4157052676819013,0.6080665933697575,0.03515121317888212,0.9999986253082926,0.4941714297009894,0.9994198369408676,0.6648399560218545,0.5667873050398761,4.999994638702342,0.009941714297009893,1299.8259510822602
488,93,-0.4157052676819013,0.6080665933697575,0.03515121317888212,0.9999986253082926,0.4941714297009894,0.9994198369408676,0.6648399560218545,0.5667873050398761,4.999994638702342,0.009941714297009893,1299.8259510822602
488,94,-0.4157052676819013,0.6080665933697575,0.03515121317888212,0.9999986253082926,0.4941714297009894,0.9994198369408676,0.6648399560218545,0.5667873050398761,4.999994638702342,0.009941714297009893,1299.8259510822602
488,95,-0.4157052676819013,0.6080665933697575,0.03515121317888212,0.9999986253082926,0.4941714297009894,0.9994198369408676,0.6648399560218545,0.5667873050398761,4.999994638702342,0.009941714297009893,1299.8259510822602
488,96,-0.4157052676819013,0.6080665933697575,0.03515121317888212,0.9999986253082926,0.4941714297009894,0.9994198369408676,0.6648399560218545,0.5667873050398761,4.999994638702342,0.009941714297009893,1299.8259510822602
488,97,-0.4157052676819013,0.6080665933697575,0.03515121317888212,0.9999986253082926,0.4941714297009894,0.9994198369408676,0.6648399560218545,0.5667873050398761,4.999994638702342,0.009941714297009893,1299.8259510822602
488,98,-0.4157052676819013,0.6080665933697575,0.03515121317888212,0.9999986253082926,0.4941714297009894,0.9994198369408676,0.6648399560218545,0.5667873050398761,4.999994638702342,0.009941714297009893,1299.8259510822602
488,99,-0.4157052676819013,0.6080665933697575,0.03515121317888212,0.9999986253082926,0.4941714297009894,0.9994198369408676,0.6648399560218545,0.5667873050398761,4.999994638702342,0.009941714297009893,1299.8259510822602
488,100,-0.2421077424246756,0.48436660199141934,0.5,1.0,0.015,1.0,0.5906199611948517,1.45,5.0,0.00515,1300.0
488,101,-0.4157052676819013,0.6080665933697575,0.03515121317888212,0.9999986253082926,0.4941714297009894,0.9994198369408676,0.6648399560218545,0.5667873050398761,4.999994638702342,0.009941714297009893,1299.8259510822602
488,102,-0.4157052676819013,0.6080665933697575,0.03515121317888212,0.9999986253082926,0.4941714297009894,0.9994198369408676,0.6648399560218545,0.5667873050398761,4.999994638702342,0.009941714297009893,1299.8259510822602
488,103,-0.4157052676819013,0.6080665933697575,0.03515121317888212,0.9999986253082926,0.4941714297009894,0.9994198369408676,0.6648399560218545,0.5667873050398761,4.999994638702342,0.009941714297009893,1299.8259510822602
488,104,-0.4157052676819013,0.6080665933697575,0.03515121317888212,0.9999986253082926,0.4941714297009894,0.9994198369408676,0.6648399560218545,0.5667873050398761,4.999994638702342,0.009941714297009893,1299.8259510822602
488,105,-0.4157052676819013,0.6080665933697575,0.03515121317888212,0.9999986253082926,0.4941714297009894,0.9994198369408676,0.6648399560218545,0.5667873050398761,4.999994638702342,0.009941714297009893,1299.8259510822602
488,106,-0.4157052676819013,0.6080665933697575,0.03515121317888212,0.9999986253082926,0.4941714297009894,0.9994198369408676,0.6648399560218545,0.5667873050398761,4.999994638702342,0.009941714297009893,1299.8259510822602
488,107,-0.4157052676819013,0.6080665933697575,0.03515121317888212,0.9999986253082926,0.4941714297009894,0.9994198369408676,0.6648399560218545,0.5667873050398761,4.999994638702342,0.009941714297009893,1299.8259510822602
488,108,-0.4157052676819013,0.6080665933697575,0.03515121317888212,0.9999986253082926,0.4941714297009894,0.9994198369408676,0.6648399560218545,0.5667873050398761,4.999994638702342,0.009941714297009893,1299.8259510822602
488,109,-0.4157052676819013,0.6080665933697575,0.03515121317888212,0.9999986253082926,0.4941714297009894,0.9994198369408676,0.6648399560218545,0.5667873050398761,4.999994638702342,0.009941714297009893,1299.8259510822602
488,110,-0.4157052676819013,0.6080665933697575,0.03515121317888212,0.9999986253082926,0.4941714297009894,0.9994198369408676,0.6648399560218545,0.5667873050398761,4.999994638702342,0.009941714297009893,1299.8259510822602
488,111,-0.4157052676819013,0.6080665933697575,0.03515121317888212,0.9999986253082926,0.4941714297009894,0.9994198369408676,0.6648399560218545,0.5667873050398761,4.999994638702342,0.009941714297009893,1299.8259510822602
488,112,-0.4157052676819013,0.6080665933697575,0.03515121317888212,0.9999986253082926,0.4941714297009894,0.9994198369408676,0.6648399560218545,0.5667873050398761,4.999994638702342,0.009941714297009893,1299.8259510822602
488,113,-0.4157052676819013,0.6080665933697575,0.03515121317888212,0.9999986253082926,0.4941714297009894,0.9994198369408676,0.6648399560218545,0.5667873050398761,4.999994638702342,0.009941714297009893,1299.8259510822602
488,114,-0.4157052676819013,0.6080665933697575,0.03515121317888212,0.9999986253082926,0.4941714297009894,0.9994198369408676,0.6648399560218545,0.5667873050398761,4.999994638702342,0.009941714297009893,1299.8259510822602
488,115,-0.4157052676819013,0.6080665933697575,0.03515121317888212,0.9999986253082926,0.4941714297009894,0.9994198369408676,0.6648399560218545,0.5667873050398761,4.999994638702342,0.009941714297009893,1299.8259510822602
488,116,-0.4157052676819013,0.6080665933697575,0.03515121317888212,0.9999986253082926,0.4941714297009894,0.9994198369408676,0.6648399560218545,0.5667873050398761,4.999994638702342,0.009941714297009893,1299.8259510822602
488,117,-0.4157052676819013,0.6080665933697575,0.03515121317888212,0.9999986253082926,0.4941714297009894,0.9994198369408676,0.6648399560218545,0.5667873050398761,4.999994638702342,0.009941714297009893,1299.8259510822602
488,118,-0.2499668403321193,0.5081255938256669,0.5,1.0,0.015,1.0,0.6048753562954001,1.45,5.0,0.00515,1300.0
488,119,-0.4157052676819013,0.6080665933697575,0.03515121317888212,0.9999986253082926,0.4941714297009894,0.9994198369408676,0.6648399560218545,0.5667873050398761,4.999994638702342,0.009941714297009893,1299.8259510822602
488,120,-0.4157052676819013,0.6080665933697575,0.03515121317888212,0.9999986253082926,0.4941714297009894,0.9994198369408676,0.6648399560218545,0.5667873050398761,4.999994638702342,0.009941714297009893,1299.8259510822602
488,121,-0.4157052676819013,0.6080665933697575,0.03515121317888212,0.9999986253082926,0.4941714297009894,0.9994198369408676,0.6648399560218545,0.5667873050398761,4.999994638702342,0.009941714297009893,1299.8259510822602
488,122,-0.4157052676819013,0.6080665933697575,0.03515121317888212,0.9999986253082926,0.4941714297009894,0.9994198369408676,0.6648399560218545,0.5667873050398761,4.999994638702342,0.009941714297009893,1299.8259510822602
488,123,-0.4157052676819013,0.6080665933697575,0.03515121317888212,0.9999986253082926,0.4941714297009894,0.9994198369408676,0.6648399560218545,0.5667873050398761,4.999994638702342,0.009941714297009893,1299.8259510822602
488,124,-0.4157052676819013,0.6080665933697575,0.03515121317888212,0.9999986253082926,0.4941714297009894,0.9994198369408676,0.6648399560218545,0.5667873050398761,4.999994638702342,0.009941714297009893,1299.8259510822602
488,125,-0.4157052676819013,0.6080665933697575,0.03515121317888212,0.9999986253082926,0.4941714297009894,0.9994198369408676,0.6648399560218545,0.5667873050398761,4.999994638702342,0.009941714297009893,1299.8259510822602
488,126,-0.4157052676819013,0.6080665933697575,0.03515121317888212,0.9999986253082926,0.4941714297009894,0.9994198369408676,0.6648399560218545,0.5667873050398761,4.999994638702342,0.009941714297009893,1299.8259510822602
488,127,-0.4157052676819013,0.6080665933697575,0.03515121317888212,0.9999986253082926,0.4941714297009894,0.9994198369408676,0.6648399560218545,0.5667873050398761,4.999994638702342,0.009941714297009893,1299.8259510822602
488,128,-0.4157052676819013,0.6080665933697575,0.03515121317888212,0.9999986253082926,0.4941714297009894,0.9994198369408676,0.6648399560218545,0.5667873050398761,4.999994638702342,0.009941714297009893,1299.8259510822602
488,129,-0.4157052676819013,0.6080665933697575,0.03515121317888212,0.9999986253082926,0.4941714297009894,0.9994198369408676,0.6648399560218545,0.5667873050398761,4.999994638702342,0.009941714297009893,1299.8259510822602
488,130,-0.4157052676819013,0.6080665933697575,0.03515121317888212,0.9999986253082926,0.4941714297009894,0.9994198369408676,0.6648399560218545,0.5667873050398761,4.999994638702342,0.009941714297009893,1299.8259510822602
488,131,-0.4157052676819013,0.6080665933697575,0.03515121317888212,0.9999986253082926,0.4941714297009894,0.9994198369408676,0.6648399560218545,0.5667873050398761,4.999994638702342,0.009941714297009893,1299.8259510822602
488,132,-0.4157052676819013,0.6080665933697575,0.03515121317888212,0.9999986253082926,0.4941714297009894,0.9994198369408676,0.6648399560218545,0.5667873050398761,4.999994638702342,0.009941714297009893,1299.8259510822602
488,133,-0.4157052676819013,0.6080665933697575,0.03515121317888212,0.9999986253082926,0.4941714297009894,0.9994198369408676,0.6648399560218545,0.5667873050398761,4.999994638702342,0.009941714297009893,1299.8259510822602
488,134,-0.4157052676819013,0.6080665933697575,0.03515121317888212,0.9999986253082926,0.4941714297009894,0.9994198369408676,0.6648399560218545,0.5667873050398761,4.999994638702342,0.009941714297009893,1299.8259510822602
488,135,-0.4157052676819013,0.6080665933697575,0.03515121317888212,0.9999986253082926,0.4941714297009894,0.9994198369408676,0.6648399560218545,0.5667873050398761,4.999994638702342,0.009941714297009893,1299.8259510822602
488,136,-0.4157052676819013,0.6080665933697575,0.03515121317888212,0.9999986253082926,0.4941714297009894,0.9994198369408676,0.6648399560218545,0.5667873050398761,4.999994638702342,0.009941714297009893,1299.8259510822602
488,137,-0.4157052676819013,0.6080665933697575,0.03515121317888212,0.9999986253082926,0.4941714297009894,0.9994198369408676,0.6648399560218545,0.5667873050398761,4.999994638702342,0.009941714297009893,1299.8259510822602
488,138,-0.4157052676819013,0.6080665933697575,0.03515121317888212,0.9999986253082926,0.4941714297009894,0.9994198369408676,0.6648399560218545,0.5667873050398761,4.999994638702342,0.009941714297009893,1299.8259510822602
488,139,-0.4157052676819013,0.6080665933697575,0.03515121317888212,0.9999986253082926,0.4941714297009894,0.9994198369408676,0.6648399560218545,0.5667873050398761,4.999994638702342,0.009941714297009893,1299.8259510822602
488,140,-0.4157052676819013,0.6080665933697575,0.03515121317888212,0.9999986253082926,0.4941714297009894,0.9994198369408676,0.6648399560218545,0.5667873050398761,4.999994638702342,0.009941714297009893,1299.8259510822602
488,141,-0.4157052676819013,0.6080665933697575,0.03515121317888212,0.9999986253082926,0.4941714297009894,0.9994198369408676,0.6648399560218545,0.5667873050398761,4.999994638702342,0.009941714297009893,1299.8259510822602
488,142,-0.4157052676819013,0.6080665933697575,0.03515121317888212,0.9999986253082926,0.4941714297009894,0.9994198369408676,0.6648399560218545,0.5667873050398761,4.999994638702342,0.009941714297009893,1299.8259510822602
488,143,-0.4157052676819013,0.6080665933697575,0.03515121317888212,0.9999986253082926,0.4941714297009894,0.9994198369408676,0.6648399560218545,0.5667873050398761,4.999994638702342,0.009941714297009893,1299.8259510822602
488,144,-0.4157052676819013,0.6080665933697575,0.03515121317888212,0.9999986253082926,0.4941714297009894,0.9994198369408676,0.6648399560218545,0.5667873050398761,4.999994638702342,0.009941714297009893,1299.8259510822602
488,145,-0.4157052676819013,0.6080665933697575,0.03515121317888212,0.9999986253082926,0.4941714297009894,0.9994198369408676,0.6648399560218545,0.5667873050398761,4.999994638702342,0.009941714297009893,1299.8259510822602
488,146,-0.4157052676819013,0.6080665933697575,0.03515121317888212,0.9999986253082926,0.4941714297009894,0.9994198369408676,0.6648399560218545,0.5667873050398761,4.999994638702342,0.009941714297009893,1299.8259510822602
488,147,-0.4157052676819013,0.6080665933697575,0.03515121317888212,0.9999986253082926,0.4941714297009894,0.9994198369408676,0.6648399560218545,0.5667873050398761,4.999994638702342,0.009941714297009893,1299.8259510822602
488,148,-0.4157052676819013,0.6080665933697575,0.03515121317888212,0.9999986253082926,0.4941714297009894,0.9994198369408676,0.6648399560218545,0.5667873050398761,4.999994638702342,0.009941714297009893,1299.8259510822602
488,149,-0.4157052676819013,0.6080665933697575,0.03515121317888212,0.9999986253082926,0.4941714297009894,0.9994198369408676,0.6648399560218545,0.5667873050398761,4.999994638702342,0.009941714297009893,1299.8259510822602
488,150,-0.4157052676819013,0.6080665933697575,0.03515121317888212,0.9999986253082926,0.4941714297009894,0.9994198369408676,0.6648399560218545,0.5667873050398761,4.999994638702342,0.009941714297009893,1299.8259510822602
488,151,-0.4157052676819013,0.6080665933697575,0.03515121317888212,0.9999986253082926,0.4941714297009894,0.9994198369408676,0.6648399560218545,0.5667873050398761,4.999994638702342,0.009941714297009893,1299.8259510822602
488,152,-0.2968583044921638,0.6804147277382647,0.5,1.0,0.015,1.0,0.7082488366429589,1.45,5.0,0.00515,1300.0
488,153,-0.4157052676819013,0.6080665933697575,0.03515121317888212,0.9999986253082926,0.4941714297009894,0.9994198369408676,0.6648399560218545,0.5667873050398761,4.999994638702342,0.009941714297009893,1299.8259510822602
488,154,-0.4157052676819013,0.6080665933697575,0.03515121317888212,0.9999986253082926,0.4941714297009894,0.9994198369408676,0.6648399560218545,0.5667873050398761,4.999994638702342,0.009941714297009893,1299.8259510822602
488,155,-0.4157052676819013,0.6080665933697575,0.03515121317888212,0.9999986253082926,0.4941714297009894,0.9994198369408676,0.6648399560218545,0.5667873050398761,4.999994638702342,0.009941714297009893,1299.8259510822602
488,156,-0.4157052676819013,0.6080665933697575,0.03515121317888212,0.9999986253082926,0.4941714297009894,0.9994198369408676,0.6648399560218545,0.5667873050398761,4.999994638702342,0.009941714297009893,1299.8259510822602
488,157,-0.4157052676819013,0.6080665933697575,0.03515121317888212,0.9999986253082926,0.4941714297009894,0.9994198369408676,0.6648399560218545,0.5667873050398761,4.999994638702342,0.009941714297009893,1299.8259510822602
488,158,-0.4157052676819013,0.6080665933697575,0.03515121317888212,0.9999986253082926,0.4941714297009894,0.9994198369408676,0.6648399560218545,0.5667873050398761,4.999994638702342,0.009941714297009893,1299.8259510822602
488,159,-0.4157052676819013,0.6080665933697575,0.03515121317888212,0.9999986253082926,0.4941714297009894,0.9994198369408676,0.6648399560218545,0.5667873050398761,4.999994638702342,0.009941714297009893,1299.8259510822602
488,160,-0.4157052676819013,0.6080665933697575,0.03515121317888212,0.9999986253082926,0.4941714297009894,0.9994198369408676,0.6648399560218545,0.5667873050398761,4.999994638702342,0.009941714297009893,1299.8259510822602
488,161,-0.4157052676819013,0.6080665933697575,0.03515121317888212,0.9999986253082926,0.4941714297009894,0.9994198369408676,0.6648399560218545,0.5667873050398761,4.999994638702342,0.009941714297009893,1299.8259510822602
488,162,-0.4157052676819013,0.6080665933697575,0.03515121317888212,0.9999986253082926,0.4941714297009894,0.9994198369408676,0.6648399560218545,0.5667873050398761,4.999994638702342,0.009941714297009893,1299.8259510822602
488,163,-0.4157052676819013,0.6080665933697575,0.03515121317888212,0.9999986253082926,0.4941714297009894,0.9994198369408676,0.6648399560218545,0.5667873050398761,4.999994638702342,0.009941714297009893,1299.8259510822602
488,164,-0.2580027773371218,0.5334808539806565,0.5,1.0,0.015,1.0,0.6200885123883939,1.45,5.0,0.00515,1300.0
488,165,-0.4157052676819013,0.6080665933697575,0.03515121317888212,0.9999986253082926,0.4941714297009894,0.9994198369408676,0.6648399560218545,0.5667873050398761,4.999994638702342,0.009941714297009893,1299.8259510822602
488,166,-0.4157052676819013,0.6080665933697575,0.03515121317888212,0.9999986253082926,0.4941714297009894,0.9994198369408676,0.6648399560218545,0.5667873050398761,4.999994638702342,0.009941714297009893,1299.8259510822602
488,167,-0.3009218659822928,0.6996345464605602,0.5,1.0,0.015,1.0,0.7197807278763362,1.45,5.0,0.00515,1300.0
488,168,-0.4157052676819013,0.6080665933697575,0.03515121317888212,0.9999986253082926,0.4941714297009894,0.9994198369408676,0.6648399560218545,0.5667873050398761,4.999994638702342,0.009941714297009893,1299.8259510822602
488,169,-0.31557142202713545,0.7818021781028555,0.5,1.0,0.015,1.0,0.7690813068617133,1.45,5.0,0.00515,1300.0
488,170,-0.4157052676819013,0.6080665933697575,0.03515121317888212,0.9999986253082926,0.4941714297009894,0.9994198369408676,0.6648399560218545,0.5667873050398761,4.999994638702342,0.009941714297009893,1299.8259510822602
488,171,-0.4157052676819013,0.6080665933697575,0.03515121317888212,0.9999986253082926,0.4941714297009894,0.9994198369408676,0.6648399560218545,0.5667873050398761,4.999994638702342,0.009941714297009893,1299.8259510822602
488,172,-0.4157052676819013,0.6080665933697575,0.03515121317888212,0.9999986253082926,0.4941714297009894,0.9994198369408676,0.6648399560218545,0.5667873050398761,4.999994638702342,0.009941714297009893,1299.8259510822602
488,173,-0.4157052676819013,0.6080665933697575,0.03515121317888212,0.9999986253082926,0.4941714297009894,0.9994198369408676,0.6648399560218545,0.5667873050398761,4.999994638702342,0.009941714297009893,1299.8259510822602
488,174,-0.29837949501818367,0.6874772539914494,0.5,1.0,0.015,1.0,0.7124863523948697,1.45,5.0,0.00515,1300.0
488,175,-0.4157052676819013,0.6080665933697575,0.03515121317888212,0.9999986253082926,0.4941714297009894,0.9994198369408676,0.6648399560218545,0.5667873050398761,4.999994638702342,0.009941714297009893,1299.8259510822602
488,176,-0.4157052676819013,0.6080665933697575,0.03515121317888212,0.9999986253082926,0.4941714297009894,0.9994198369408676,0.6648399560218545,0.5667873050398761,4.999994638702342,0.009941714297009893,1299.8259510822602
488,177,-0.4157052676819013,0.6080665933697575,0.03515121317888212,0.9999986253082926,0.4941714297009894,0.9994198369408676,0.6648399560218545,0.5667873050398761,4.999994638702342,0.009941714297009893,1299.8259510822602
488,178,-0.4157052676819013,0.6080665933697575,0.03515121317888212,0.9999986253082926,0.4941714297009894,0.9994198369408676,0.6648399560218545,0.5667873050398761,4.999994638702342,0.009941714297009893,1299.8259510822602
488,179,-0.4157052676819013,0.6080665933697575,0.03515121317888212,0.9999986253082926,0.4941714297009894,0.9994198369408676,0.6648399560218545,0.5667873050398761,4.999994638702342,0.009941714297009893,1299.8259510822602
488,180,-0.4157052676819013,0.6080665933697575,0.03515121317888212,0.9999986253082926,0.4941714297009894,0.9994198369408676,0.6648399560218545,0.5667873050398761,4.999994638702342,0.009941714297009893,1299.8259510822602
488,181,-0.4157052676819013,0.6080665933697575,0.03515121317888212,0.9999986253082926,0.4941714297009894,0.9994198369408676,0.6648399560218545,0.5667873050398761,4.999994638702342,0.009941714297009893,1299.8259510822602
488,182,-0.4157052676819013,0.6080665933697575,0.03515121317888212,0.9999986253082926,0.4941714297009894,0.9994198369408676,0.6648399560218545,0.5667873050398761,4.999994638702342,0.009941714297009893,1299.8259510822602
488,183,-0.4157052676819013,0.6080665933697575,0.03515121317888212,0.9999986253082926,0.4941714297009894,0.9994198369408676,0.6648399560218545,0.5667873050398761,4.999994638702342,0.009941714297009893,1299.8259510822602
488,184,-0.4157052676819013,0.6080665933697575,0.03515121317888212,0.9999986253082926,0.4941714297009894,0.9994198369408676,0.6648399560218545,0.5667873050398761,4.999994638702342,0.009941714297009893,1299.8259510822602
488,185,-0.4157052676819013,0.6080665933697575,0.03515121317888212,0.9999986253082926,0.4941714297009894,0.9994198369408676,0.6648399560218545,0.5667873050398761,4.999994638702342,0.009941714297009893,1299.8259510822602
488,186,-0.4157052676819013,0.6080665933697575,0.03515121317888212,0.9999986253082926,0.4941714297009894,0.9994198369408676,0.6648399560218545,0.5667873050398761,4.999994638702342,0.009941714297009893,1299.8259510822602
488,187,-0.4157052676819013,0.6080665933697575,0.03515121317888212,0.9999986253082926,0.4941714297009894,0.9994198369408676,0.6648399560218545,0.5667873050398761,4.999994638702342,0.009941714297009893,1299.8259510822602
488,188,-0.4157052676819013,0.6080665933697575,0.03515121317888212,0.9999986253082926,0.4941714297009894,0.9994198369408676,0.6648399560218545,0.5667873050398761,4.999994638702342,0.009941714297009893,1299.8259510822602
488,189,-0.4157052676819013,0.6080665933697575,0.03515121317888212,0.9999986253082926,0.4941714297009894,0.9994198369408676,0.6648399560218545,0.5667873050398761,4.999994638702342,0.009941714297009893,1299.8259510822602
488,190,-0.4157052676819013,0.6080665933697575,0.03515121317888212,0.9999986253082926,0.4941714297009894,0.9994198369408676,0.6648399560218545,0.5667873050398761,4.999994638702342,0.009941714297009893,1299.8259510822602
488,191,-0.4157052676819013,0.6080665933697575,0.03515121317888212,0.9999986253082926,0.4941714297009894,0.9994198369408676,0.6648399560218545,0.5667873050398761,4.999994638702342,0.009941714297009893,1299.8259510822602
488,192,-0.4157052676819013,0.6080665933697575,0.03515121317888212,0.9999986253082926,0.4941714297009894,0.9994198369408676,0.6648399560218545,0.5667873050398761,4.999994638702342,0.009941714297009893,1299.8259510822602
488,193,-0.31252682153508526,0.7625015757537114,0.5,1.0,0.015,1.0,0.7575009454522268,1.45,5.0,0.00515,1300.0
488,194,-0.4157052676819013,0.6080665933697575,0.03515121317888212,0.9999986253082926,0.4941714297009894,0.9994198369408676,0.6648399560218545,0.5667873050398761,4.999994638702342,0.009941714297009893,1299.8259510822602
488,195,-0.4157052676819013,0.6080665933697575,0.03515121317888212,0.9999986253082926,0.4941714297009894,0.9994198369408676,0.6648399560218545,0.5667873050398761,4.999994638702342,0.009941714297009893,1299.8259510822602
488,196,-0.4157052676819013,0.6080665933697575,0.03515121317888212,0.9999986253082926,0.4941714297009894,0.9994198369408676,0.6648399560218545,0.5667873050398761,4.999994638702342,0.009941714297009893,1299.8259510822602
488,197,-0.4157052676819013,0.6080665933697575,0.03515121317888212,0.9999986253082926,0.4941714297009894,0.9994198369408676,0.6648399560218545,0.5667873050398761,4.999994638702342,0.009941714297009893,1299.8259510822602
488,198,-0.4157052676819013,0.6080665933697575,0.03515121317888212,0.9999986253082926,0.4941714297009894,0.9994198369408676,0.6648399560218545,0.5667873050398761,4.999994638702342,0.009941714297009893,1299.8259510822602
488,199,-0.4157052676819013,0.6080665933697575,0.03515121317888212,0.9999986253082926,0.4941714297009894,0.9994198369408676,0.6648399560218545,0.5667873050398761,4.999994638702342,0.009941714297009893,1299.8259510822602
