iteration,candidate_index,objective,phi_n,u_avg_n,ar_n,lt_1_n,a_0_n,phi,u_avg,ar,lt_1,a_0
333,0,-0.431886938011193,0.5597026178940512,0.0052477083463783065,0.9999998474417577,0.5998265174606965,0.8675298078334782,0.6358215707364308,0.5099706458581188,4.999999405022855,0.010998265174606964,1260.2589423500435
333,1,-0.431886938011193,0.5597026178940512,0.0052477083463783065,0.9999998474417577,0.5998265174606965,0.8675298078334781,0.6358215707364308,0.5099706458581188,4.999999405022855,0.010998265174606964,1260.2589423500435
333,2,-0.431886938011193,0.5597026178940512,0.0052477083463783065,0.9999998474417577,0.5998265174606965,0.8675298078334781,0.6358215707364308,0.5099706458581188,4.999999405022855,0.010998265174606964,1260.2589423500435
333,3,-0.431886938011193,0.5597026178940512,0.0052477083463783065,0.9999998474417577,0.5998265174606965,0.8675298078334781,0.6358215707364308,0.5099706458581188,4.999999405022855,0.010998265174606964,1260.2589423500435
333,4,-0.431886938011193,0.5597026178940512,0.0052477083463783065,0.9999998474417577,0.5998265174606965,0.8675298078334781,0.6358215707364308,0.5099706458581188,4.999999405022855,0.010998265174606964,1260.2589423500435
333,5,-0.431886938011193,0.5597026178940512,0.0052477083463783065,0.9999998474417577,0.5998265174606965,0.8675298078334781,0.6358215707364308,0.5099706458581188,4.999999405022855,0.010998265174606964,1260.2589423500435
333,6,-0.431886938011193,0.5597026178940512,0.0052477083463783065,0.9999998474417577,0.5998265174606965,0.8675298078334781,0.6358215707364308,0.5099706458581188,4.999999405022855,0.010998265174606964,1260.2589423500435
333,7,-0.431886938011193,0.5597026178940512,0.0052477083463783065,0.9999998474417577,0.5998265174606965,0.8675298078334781,0.6358215707364308,0.5099706458581188,4.999999405022855,0.010998265174606964,1260.2589423500435
333,8,-0.431886938011193,0.5597026178940512,0.0052477083463783065,0.9999998474417577,0.5998265174606965,0.8675298078334781,0.6358215707364308,0.5099706458581188,4.999999405022855,0.010998265174606964,1260.2589423500435
333,9,-0.431886938011193,0.5597026178940512,0.0052477083463783065,0.9999998474417577,0.5998265174606965,0.8675298078334781,0.6358215707364308,0.5099706458581188,4.999999405022855,0.010998265174606964,1260.2589423500435
333,10,-0.431886938011193,0.5597026178940512,0.0052477083463783065,0.9999998474417577,0.5998265174606965,0.8675298078334781,0.6358215707364308,0.5099706458581188,4.999999405022855,0.010998265174606964,1260.2589423500435
333,11,-0.431886938011193,0.5597026178940512,0.0052477083463783065,0.9999998474417577,0.5998265174606965,0.8675298078334781,0.6358215707364308,0.5099706458581188,4.999999405022855,0.010998265174606964,1260.2589423500435
333,12,-0.431886938011193,0.5597026178940512,0.0052477083463783065,0.9999998474417577,0.5998265174606965,0.8675298078334781,0.6358215707364308,0.5099706458581188,4.999999405022855,0.010998265174606964,1260.2589423500435
333,13,-0.30964776767829144,0.745524547234348,0.5,1.0,0.015,1.0,0.7473147283406089,1.45,5.0,0.00515,1300.0
333,14,-0.431886938011193,0.5597026178940512,0.0052477083463783065,0.9999998474417577,0.5998265174606965,0.8675298078334781,0.6358215707364308,0.5099706458581188,4.999999405022855,0.010998265174606964,1260.2589423500435
333,15,-0.431886938011193,0.5597026178940512,0.0052477083463783065,0.9999998474417577,0.5998265174606965,0.8675298078334781,0.6358215707364308,0.5099706458581188,4.999999405022855,0.010998265174606964,1260.2589423500435
333,16,-0.431886938011193,0.5597026178940512,0.0052477083463783065,0.9999998474417577,0.5998265174606965,0.8675298078334781,0.6358215707364308,0.5099706458581188,4.999999405022855,0.010998265174606964,1260.2589423500435
333,17,-0.2547454060773365,0.5230618065708839,0.5,1.0,0.015,1.0,0.6138370839425303,1.45,5.0,0.00515,1300.0
333,18,-0.2687606590575226,0.5694706670077527,0.5,1.0,0.015,1.0,0.6416824002046517,1.45,5.0,0.00515,1300.0
333,19,-0.431886938011193,0.5597026178940512,0.0052477083463783065,0.9999998474417577,0.5998265174606965,0.8675298078334781,0.6358215707364308,0.5099706458581188,4.999999405022855,0.010998265174606964,1260.2589423500435
333,20,-0.431886938011193,0.5597026178940512,0.0052477083463783065,0.9999998474417577,0.5998265174606965,0.8675298078334781,0.6358215707364308,0.5099706458581188,4.999999405022855,0.010998265174606964,1260.2589423500435
333,21,-0.431886938011193,0.5597026178940512,0.0052477083463783065,0.9999998474417577,0.5998265174606965,0.8675298078334781,0.6358215707364308,0.5099706458581188,4.999999405022855,0.010998265174606964,1260.2589423500435
333,22,-0.431886938011193,0.5597026178940512,0.0052477083463783065,0.9999998474417577,0.5998265174606965,0.8675298078334781,0.6358215707364308,0.5099706458581188,4.999999405022855,0.010998265174606964,1260.2589423500435
333,23,-0.431886938011193,0.5597026178940512,0.0052477083463783065,0.9999998474417577,0.5998265174606965,0.8675298078334781,0.6358215707364308,0.5099706458581188,4.999999405022855,0.010998265174606964,1260.2589423500435
333,24,-0.431886938011193,0.5597026178940512,0.0052477083463783065,0.9999998474417577,0.5998265174606965,0.8675298078334781,0.6358215707364308,0.5099706458581188,4.999999405022855,0.010998265174606964,1260.2589423500435
333,25,-0.431886938011193,0.5597026178940512,0.0052477083463783065,0.9999998474417577,0.5998265174606965,0.8675298078334781,0.6358215707364308,0.5099706458581188,4.999999405022855,0.010998265174606964,1260.2589423500435
333,26,-0.431886938011193,0.5597026178940512,0.0052477083463783065,0.9999998474417577,0.5998265174606965,0.8675298078334781,0.6358215707364308,0.5099706458581188,4.999999405022855,0.010998265174606964,1260.2589423500435
333,27,-0.24183612123201553,0.4835618436867768,0.5,1.0,0.015,1.0,0.5901371062120662,1.45,5.0,0.00515,1300.0
333,28,-0.431886938011193,0.5597026178940512,0.0052477083463783065,0.9999998474417577,0.5998265174606965,0.8675298078334781,0.6358215707364308,0.5099706458581188,4.999999405022855,0.010998265174606964,1260.2589423500435
333,29,-0.2583781728136599,0.5346947564814775,0.5,1.0,0.015,1.0,0.6208168538888865,1.45,5.0,0.00515,1300.0
333,30,-0.431886938011193,0.5597026178940512,0.0052477083463783065,0.9999998474417577,0.5998265174606965,0.8675298078334781,0.6358215707364308,0.5099706458581188,4.999999405022855,0.010998265174606964,1260.2589423500435
333,31,-0.431886938011193,0.5597026178940512,0.0052477083463783065,0.9999998474417577,0.5998265174606965,0.8675298078334781,0.6358215707364308,0.5099706458581188,4.999999405022855,0.010998265174606964,1260.2589423500435
333,32,-0.431886938011193,0.5597026178940512,0.0052477083463783065,0.9999998474417577,0.5998265174606965,0.8675298078334781,0.6358215707364308,0.5099706458581188,4.999999405022855,0.010998265174606964,1260.2589423500435
333,33,-0.431886938011193,0.5597026178940512,0.0052477083463783065,0.9999998474417577,0.5998265174606965,0.8675298078334781,0.6358215707364308,0.5099706458581188,4.999999405022855,0.010998265174606964,1260.2589423500435
333,34,-0.431886938011193,0.5597026178940512,0.0052477083463783065,0.9999998474417577,0.5998265174606965,0.8675298078334781,0.6358215707364308,0.5099706458581188,4.999999405022855,0.010998265174606964,1260.2589423500435
333,35,-0.291906580054763,0.6583914675804128,0.5,1.0,0.015,1.0,0.6950348805482477,1.45,5.0,0.00515,1300.0
333,36,-0.431886938011193,0.5597026178940512,0.0052477083463783065,0.9999998474417577,0.5998265174606965,0.8675298078334781,0.6358215707364308,0.5099706458581188,4.999999405022855,0.010998265174606964,1260.2589423500435
333,37,-0.431886938011193,0.5597026178940512,0.0052477083463783065,0.9999998474417577,0.5998265174606965,0.8675298078334781,0.6358215707364308,0.5099706458581188,4.999999405022855,0.010998265174606964,1260.2589423500435
333,38,-0.431886938011193,0.5597026178940512,0.0052477083463783065,0.9999998474417577,0.5998265174606965,0.8675298078334781,0.6358215707364308,0.5099706458581188,4.999999405022855,0.010998265174606964,1260.2589423500435
333,39,-0.431886938011193,0.5597026178940512,0.0052477083463783065,0.9999998474417577,0.5998265174606965,0.8675298078334781,0.6358215707364308,0.5099706458581188,4.999999405022855,0.010998265174606964,1260.2589423500435
333,40,-0.431886938011193,0.5597026178940512,0.0052477083463783065,0.9999998474417577,0.5998265174606965,0.8675298078334781,0.6358215707364308,0.5099706458581188,4.999999405022855,0.010998265174606964,1260.2589423500435
333,41,-0.431886938011193,0.5597026178940512,0.0052477083463783065,0.9999998474417577,0.5998265174606965,0.8675298078334781,0.6358215707364308,0.5099706458581188,4.999999405022855,0.010998265174606964,1260.2589423500435
333,42,-0.2552700622880142,0.5247264557384999,0.5,1.0,0.015,1.0,0.6148358734430999,1.45,5.0,0.00515,1300.0
333,43,-0.431886938011193,0.5597026178940512,0.0052477083463783065,0.9999998474417577,0.5998265174606965,0.8675298078334781,0.6358215707364308,0.5099706458581188,4.999999405022855,0.010998265174606964,1260.2589423500435
333,44,-0.431886938011193,0.5597026178940512,0.0052477083463783065,0.9999998474417577,0.5998265174606965,0.8675298078334781,0.6358215707364308,0.5099706458581188,4.999999405022855,0.010998265174606964,1260.2589423500435
333,45,-0.431886938011193,0.5597026178940512,0.0052477083463783065,0.9999998474417577,0.5998265174606965,0.8675298078334781,0.6358215707364308,0.5099706458581188,4.999999405022855,0.010998265174606964,1260.2589423500435
333,46,-0.431886938011193,0.5597026178940512,0.0052477083463783065,0.9999998474417577,0.5998265174606965,0.8675298078334781,0.6358215707364308,0.5099706458581188,4.999999405022855,0.010998265174606964,1260.2589423500435
333,47,-0.431886938011193,0.5597026178940512,0.0052477083463783065,0.9999998474417577,0.5998265174606965,0.8675298078334781,0.6358215707364308,0.5099706458581188,4.999999405022855,0.010998265174606964,1260.2589423500435
333,48,-0.431886938011193,0.5597026178940512,0.0052477083463783065,0.9999998474417577,0.5998265174606965,0.8675298078334781,0.6358215707364308,0.5099706458581188,4.999999405022855,0.010998265174606964,1260.2589423500435
333,49,-0.431886938011193,0.5597026178940512,0.0052477083463783065,0.9999998474417577,0.5998265174606965,0.8675298078334781,0.6358215707364308,0.5099706458581188,4.999999405022855,0.010998265174606964,1260.2589423500435
333,50,-0.431886938011193,0.5597026178940512,0.0052477083463783065,0.9999998474417577,0.5998265174606965,0.8675298078334781,0.6358215707364308,0.5099706458581188,4.999999405022855,0.010998265174606964,1260.2589423500435
333,51,-0.431886938011193,0.5597026178940512,0.0052477083463783065,0.9999998474417577,0.5998265174606965,0.8675298078334782,0.6358215707364308,0.5099706458581188,4.999999405022855,0.010998265174606964,1260.2589423500435
333,52,-0.431886938011193,0.5597026178940512,0.0052477083463783065,0.9999998474417577,0.5998265174606965,0.8675298078334781,0.6358215707364308,0.5099706458581188,4.999999405022855,0.010998265174606964,1260.2589423500435
333,53,-0.431886938011193,0.5597026178940512,0.0052477083463783065,0.9999998474417577,0.5998265174606965,0.8675298078334781,0.6358215707364308,0.5099706458581188,4.999999405022855,0.010998265174606964,1260.2589423500435
333,54,-0.431886938011193,0.5597026178940512,0.0052477083463783065,0.9999998474417577,0.5998265174606965,0.8675298078334781,0.6358215707364308,0.5099706458581188,4.999999405022855,0.010998265174606964,1260.2589423500435
333,55,-0.21769592936745635,0.41559896621265213,0.5,1.0,0.015,1.0,0.5493593797275913,1.45,5.0,0.00515,1300.0
333,56,-0.431886938011193,0.5597026178940512,0.0052477083463783065,0.9999998474417577,0.5998265174606965,0.8675298078334781,0.6358215707364308,0.5099706458581188,4.999999405022855,0.010998265174606964,1260.2589423500435
333,57,-0.431886938011193,0.5597026178940512,0.0052477083463783065,0.9999998474417577,0.5998265174606965,0.8675298078334781,0.6358215707364308,0.5099706458581188,4.999999405022855,0.010998265174606964,1260.2589423500435
333,58,-0.431886938011193,0.5597026178940512,0.0052477083463783065,0.9999998474417577,0.5998265174606965,0.8675298078334781,0.6358215707364308,0.5099706458581188,4.999999405022855,0.010998265174606964,1260.2589423500435
333,59,-0.431886938011193,0.5597026178940512,0.0052477083463783065,0.9999998474417577,0.5998265174606965,0.8675298078334781,0.6358215707364308,0.5099706458581188,4.999999405022855,0.010998265174606964,1260.2589423500435
333,60,-0.431886938011193,0.5597026178940512,0.0052477083463783065,0.9999998474417577,0.5998265174606965,0.8675298078334781,0.6358215707364308,0.5099706458581188,4.999999405022855,0.010998265174606964,1260.2589423500435
333,61,-0.431886938011193,0.5597026178940512,0.0052477083463783065,0.9999998474417577,0.5998265174606965,0.8675298078334781,0.6358215707364308,0.5099706458581188,4.999999405022855,0.010998265174606964,1260.2589423500435
333,62,-0.431886938011193,0.5597026178940512,0.0052477083463783065,0.9999998474417577,0.5998265174606965,0.8675298078334781,0.6358215707364308,0.5099706458581188,4.999999405022855,0.010998265174606964,1260.2589423500435
333,63,-0.431886938011193,0.5597026178940512,0.0052477083463783065,0.9999998474417577,0.5998265174606965,0.8675298078334781,0.6358215707364308,0.5099706458581188,4.999999405022855,0.010998265174606964,1260.2589423500435
333,64,-0.2975731571939931,0.6837148457461457,0.5,1.0,0.015,1.0,0.7102289074476875,1.45,5.0,0.00515,1300.0
333,65,-0.431886938011193,0.5597026178940512,0.0052477083463783065,0.9999998474417577,0.5998265174606965,0.8675298078334781,0.6358215707364308,0.5099706458581188,4.999999405022855,0.010998265174606964,1260.2589423500435
333,66,-0.431886938011193,0.5597026178940512,0.0052477083463783065,0.9999998474417577,0.5998265174606965,0.8675298078334781,0.6358215707364308,0.5099706458581188,4.999999405022855,0.010998265174606964,1260.2589423500435
333,67,-0.431886938011193,0.5597026178940512,0.0052477083463783065,0.9999998474417577,0.5998265174606965,0.8675298078334781,0.6358215707364308,0.5099706458581188,4.999999405022855,0.010998265174606964,1260.2589423500435
333,68,-0.431886938011193,0.5597026178940512,0.0052477083463783065,0.9999998474417577,0.5998265174606965,0.8675298078334781,0.6358215707364308,0.5099706458581188,4.999999405022855,0.010998265174606964,1260.2589423500435
333,69,-0.431886938011193,0.5597026178940512,0.0052477083463783065,0.9999998474417577,0.5998265174606965,0.8675298078334781,0.6358215707364308,0.5099706458581188,4.999999405022855,0.010998265174606964,1260.2589423500435
333,70,-0.431886938011193,0.5597026178940512,0.0052477083463783065,0.9999998474417577,0.5998265174606965,0.8675298078334781,0.6358215707364308,0.5099706458581188,4.999999405022855,0.010998265174606964,1260.2589423500435
333,71,-0.431886938011193,0.5597026178940512,0.0052477083463783065,0.9999998474417577,0.5998265174606965,0.8675298078334781,0.6358215707364308,0.5099706458581188,4.999999405022855,0.010998265174606964,1260.2589423500435
333,72,-0.431886938011193,0.5597026178940512,0.0052477083463783065,0.9999998474417577,0.5998265174606965,0.8675298078334781,0.6358215707364308,0.5099706458581188,4.999999405022855,0.010998265174606964,1260.2589423500435
333,73,-0.431886938011193,0.5597026178940512,0.0052477083463783065,0.9999998474417577,0.5998265174606965,0.8675298078334781,0.6358215707364308,0.5099706458581188,4.999999405022855,0.010998265174606964,1260.2589423500435
333,74,-0.3122224515136388,0.7606529094258406,0.5,1.0,0.015,1.0,0.7563917456555045,1.45,5.0,0.00515,1300.0
333,75,-0.431886938011193,0.5597026178940512,0.0052477083463783065,0.9999998474417577,0.5998265174606965,0.8675298078334781,0.6358215707364308,0.5099706458581188,4.999999405022855,0.010998265174606964,1260.2589423500435
333,76,-0.431886938011193,0.5597026178940512,0.0052477083463783065,0.9999998474417577,0.5998265174606965,0.8675298078334781,0.6358215707364308,0.5099706458581188,4.999999405022855,0.010998265174606964,1260.2589423500435
333,77,-0.431886938011193,0.5597026178940512,0.0052477083463783065,0.9999998474417577,0.5998265174606965,0.8675298078334781,0.6358215707364308,0.5099706458581188,4.999999405022855,0.010998265174606964,1260.2589423500435
333,78,-0.431886938011193,0.5597026178940512,0.0052477083463783065,0.9999998474417577,0.5998265174606965,0.8675298078334781,0.6358215707364308,0.5099706458581188,4.999999405022855,0.010998265174606964,1260.2589423500435
333,79,-0.431886938011193,0.5597026178940512,0.0052477083463783065,0.9999998474417577,0.5998265174606965,0.8675298078334781,0.6358215707364308,0.5099706458581188,4.999999405022855,0.010998265174606964,1260.2589423500435
333,80,-0.431886938011193,0.5597026178940512,0.0052477083463783065,0.9999998474417577,0.5998265174606965,0.8675298078334781,0.6358215707364308,0.5099706458581188,4.999999405022855,0.010998265174606964,1260.2589423500435
333,81,-0.431886938011193,0.5597026178940512,0.0052477083463783065,0.9999998474417577,0.5998265174606965,0.8675298078334781,0.6358215707364308,0.5099706458581188,4.999999405022855,0.010998265174606964,1260.2589423500435
333,82,-0.431886938011193,0.5597026178940512,0.0052477083463783065,0.9999998474417577,0.5998265174606965,0.8675298078334781,0.6358215707364308,0.5099706458581188,4.999999405022855,0.010998265174606964,1260.2589423500435
333,83,-0.431886938011193,0.5597026178940512,0.0052477083463783065,0.9999998474417577,0.5998265174606965,0.8675298078334781,0.6358215707364308,0.5099706458581188,4.999999405022855,0.010998265174606964,1260.2589423500435
333,84,-0.431886938011193,0.5597026178940512,0.0052477083463783065,0.9999998474417577,0.5998265174606965,0.8675298078334781,0.6358215707364308,0.5099706458581188,4.999999405022855,0.010998265174606964,1260.2589423500435
333,85,-0.431886938011193,0.5597026178940512,0.0052477083463783065,0.9999998474417577,0.5998265174606965,0.8675298078334781,0.6358215707364308,0.5099706458581188,4.999999405022855,0.010998265174606964,1260.2589423500435
333,86,-0.431886938011193,0.5597026178940512,0.0052477083463783065,0.9999998474417577,0.5998265174606965,0.8675298078334781,0.6358215707364308,0.5099706458581188,4.999999405022855,0.010998265174606964,1260.2589423500435
333,87,-0.431886938011193,0.5597026178940512,0.0052477083463783065,0.9999998474417577,0.5998265174606965,0.8675298078334781,0.6358215707364308,0.5099706458581188,4.999999405022855,0.010998265174606964,1260.2589423500435
333,88,-0.431886938011193,0.5597026178940512,0.0052477083463783065,0.9999998474417577,0.5998265174606965,0.8675298078334781,0.6358215707364308,0.5099706458581188,4.999999405022855,0.010998265174606964,1260.2589423500435
333,89,-0.431886938011193,0.5597026178940512,0.0052477083463783065,0.9999998474417577,0.5998265174606965,0.8675298078334781,0.6358215707364308,0.5099706458581188,4.999999405022855,0.010998265174606964,1260.2589423500435
333,90,-0.431886938011193,0.5597026178940512,0.0052477083463783065,0.9999998474417577,0.5998265174606965,0.8675298078334781,0.6358215707364308,0.5099706458581188,4.999999405022855,0.010998265174606964,1260.2589423500435
333,91,-0.431886938011193,0.5597026178940512,0.0052477083463783065,0.9999998474417577,0.5998265174606965,0.8675298078334781,0.6358215707364308,0.5099706458581188,4.999999405022855,0.010998265174606964,1260.2589423500435
333,92,-0.28485462363178243,0.629176717723459,0.5,1.0,0.015,1.0,0.6775060306340754,1.45,5.0,0.00515,1300.0
333,93,-0.431886938011193,0.5597026178940512,0.0052477083463783065,0.9999998474417577,0.5998265174606965,0.8675298078334781,0.6358215707364308,0.5099706458581188,4.999999405022855,0.010998265174606964,1260.2589423500435
333,94,-0.431886938011193,0.5597026178940512,0.0052477083463783065,0.9999998474417577,0.5998265174606965,0.8675298078334781,0.6358215707364308,0.5099706458581188,4.999999405022855,0.010998265174606964,1260.2589423500435
333,95,-0.431886938011193,0.5597026178940512,0.0052477083463783065,0.9999998474417577,0.5998265174606965,0.8675298078334781,0.6358215707364308,0.5099706458581188,4.999999405022855,0.010998265174606964,1260.2589423500435
333,96,-0.431886938011193,0.5597026178940512,0.0052477083463783065,0.9999998474417577,0.5998265174606965,0.8675298078334781,0.6358215707364308,0.5099706458581188,4.999999405022855,0.010998265174606964,1260.2589423500435
333,97,-0.431886938011193,0.5597026178940512,0.0052477083463783065,0.9999998474417577,0.5998265174606965,0.8675298078334781,0.6358215707364308,0.5099706458581188,4.999999405022855,0.010998265174606964,1260.2589423500435
333,98,-0.431886938011193,0.5597026178940512,0.0052477083463783065,0.9999998474417577,0.5998265174606965,0.8675298078334781,0.6358215707364308,0.5099706458581188,4.999999405022855,0.010998265174606964,1260.2589423500435
333,99,-0.431886938011193,0.5597026178940512,0.0052477083463783065,0.9999998474417577,0.5998265174606965,0.8675298078334781,0.6358215707364308,0.5099706458581188,4.999999405022855,0.010998265174606964,1260.2589423500435
333,100,-0.431886938011193,0.5597026178940512,0.0052477083463783065,0.9999998474417577,0.5998265174606965,0.8675298078334781,0.6358215707364308,0.5099706458581188,4.999999405022855,0.010998265174606964,1260.2589423500435
333,101,-0.431886938011193,0.5597026178940512,0.0052477083463783065,0.9999998474417577,0.5998265174606965,0.8675298078334781,0.6358215707364308,0.5099706458581188,4.999999405022855,0.010998265174606964,1260.2589423500435
333,102,-0.431886938011193,0.5597026178940512,0.0052477083463783065,0.9999998474417577,0.5998265174606965,0.8675298078334781,0.6358215707364308,0.5099706458581188,4.999999405022855,0.010998265174606964,1260.2589423500435
333,103,-0.431886938011193,0.5597026178940512,0.0052477083463783065,0.9999998474417577,0.5998265174606965,0.8675298078334781,0.6358215707364308,0.5099706458581188,4.999999405022855,0.010998265174606964,1260.2589423500435
333,104,-0.431886938011193,0.5597026178940512,0.0052477083463783065,0.9999998474417577,0.5998265174606965,0.8675298078334781,0.6358215707364308,0.5099706458581188,4.999999405022855,0.010998265174606964,1260.2589423500435
333,105,-0.431886938011193,0.5597026178940512,0.0052477083463783065,0.9999998474417577,0.5998265174606965,0.8675298078334781,0.6358215707364308,0.5099706458581188,4.999999405022855,0.010998265174606964,1260.2589423500435
333,106,-0.431886938011193,0.5597026178940512,0.0052477083463783065,0.9999998474417577,0.5998265174606965,0.8675298078334781,0.6358215707364308,0.5099706458581188,4.999999405022855,0.010998265174606964,1260.2589423500435
333,107,-0.431886938011193,0.5597026178940512,0.0052477083463783065,0.9999998474417577,0.5998265174606965,0.8675298078334781,0.6358215707364308,0.5099706458581188,4.999999405022855,0.010998265174606964,1260.2589423500435
333,108,-0.431886938011193,0.5597026178940512,0.0052477083463783065,0.9999998474417577,0.5998265174606965,0.8675298078334781,0.6358215707364308,0.5099706458581188,4.999999405022855,0.010998265174606964,1260.2589423500435
333,109,-0.431886938011193,0.5597026178940512,0.0052477083463783065,0.9999998474417577,0.5998265174606965,0.8675298078334781,0.6358215707364308,0.5099706458581188,4.999999405022855,0.010998265174606964,1260.2589423500435
333,110,-0.431886938011193,0.5597026178940512,0.0052477083463783065,0.9999998474417577,0.5998265174606965,0.8675298078334782,0.6358215707364308,0.5099706458581188,4.999999405022855,0.010998265174606964,1260.2589423500435
333,111,-0.431886938011193,0.5597026178940512,0.0052477083463783065,0.9999998474417577,0.5998265174606965,0.8675298078334781,0.6358215707364308,0.5099706458581188,4.999999405022855,0.010998265174606964,1260.2589423500435
333,112,-0.431886938011193,0.5597026178940512,0.0052477083463783065,0.9999998474417577,0.5998265174606965,0.8675298078334781,0.6358215707364308,0.5099706458581188,4.999999405022855,0.010998265174606964,1260.2589423500435
333,113,-0.431886938011193,0.5597026178940512,0.0052477083463783065,0.9999998474417577,0.5998265174606965,0.8675298078334781,0.6358215707364308,0.5099706458581188,4.999999405022855,0.010998265174606964,1260.2589423500435
333,114,-0.431886938011193,0.5597026178940512,0.0052477083463783065,0.9999998474417577,0.5998265174606965,0.8675298078334781,0.6358215707364308,0.5099706458581188,4.999999405022855,0.010998265174606964,1260.2589423500435
333,115,-0.431886938011193,0.5597026178940512,0.0052477083463783065,0.9999998474417577,0.5998265174606965,0.8675298078334781,0.6358215707364308,0.5099706458581188,4.999999405022855,0.010998265174606964,1260.2589423500435
333,116,-0.431886938011193,0.5597026178940512,0.0052477083463783065,0.9999998474417577,0.5998265174606965,0.8675298078334781,0.6358215707364308,0.5099706458581188,4.999999405022855,0.010998265174606964,1260.2589423500435
333,117,-0.431886938011193,0.5597026178940512,0.0052477083463783065,0.9999998474417577,0.5998265174606965,0.8675298078334782,0.6358215707364308,0.5099706458581188,4.999999405022855,0.010998265174606964,1260.2589423500435
333,118,-0.431886938011193,0.5597026178940512,0.0052477083463783065,0.9999998474417577,0.5998265174606965,0.8675298078334781,0.6358215707364308,0.5099706458581188,4.999999405022855,0.010998265174606964,1260.2589423500435
333,119,-0.26188735807309305,0.5461811248484162,0.5,1.0,0.015,1.0,0.6277086749090497,1.45,5.0,0.00515,1300.0
333,120,-0.431886938011193,0.5597026178940512,0.0052477083463783065,0.9999998474417577,0.5998265174606965,0.8675298078334781,0.6358215707364308,0.5099706458581188,4.999999405022855,0.010998265174606964,1260.2589423500435
333,121,-0.28307070038784105,0.6221254984352327,0.5,1.0,0.015,1.0,0.6732752990611397,1.45,5.0,0.00515,1300.0
333,122,-0.431886938011193,0.5597026178940512,0.0052477083463783065,0.9999998474417577,0.5998265174606965,0.8675298078334781,0.6358215707364308,0.5099706458581188,4.999999405022855,0.010998265174606964,1260.2589423500435
333,123,-0.431886938011193,0.5597026178940512,0.0052477083463783065,0.9999998474417577,0.5998265174606965,0.8675298078334781,0.6358215707364308,0.5099706458581188,4.999999405022855,0.010998265174606964,1260.2589423500435
333,124,-0.431886938011193,0.5597026178940512,0.0052477083463783065,0.9999998474417577,0.5998265174606965,0.8675298078334781,0.6358215707364308,0.5099706458581188,4.999999405022855,0.010998265174606964,1260.2589423500435
333,125,-0.431886938011193,0.5597026178940512,0.0052477083463783065,0.9999998474417577,0.5998265174606965,0.8675298078334781,0.6358215707364308,0.5099706458581188,4.999999405022855,0.010998265174606964,1260.2589423500435
333,126,-0.431886938011193,0.5597026178940512,0.0052477083463783065,0.9999998474417577,0.5998265174606965,0.8675298078334781,0.6358215707364308,0.5099706458581188,4.999999405022855,0.010998265174606964,1260.2589423500435
333,127,-0.431886938011193,0.5597026178940512,0.0052477083463783065,0.9999998474417577,0.5998265174606965,0.8675298078334781,0.6358215707364308,0.5099706458581188,4.999999405022855,0.010998265174606964,1260.2589423500435
333,128,-0.24534614494686477,0.4940430144158699,0.5,1.0,0.015,1.0,0.596425808649522,1.45,5.0,0.00515,1300.0
333,129,-0.431886938011193,0.5597026178940512,0.0052477083463783065,0.9999998474417577,0.5998265174606965,0.8675298078334781,0.6358215707364308,0.5099706458581188,4.999999405022855,0.010998265174606964,1260.2589423500435
333,130,-0.431886938011193,0.5597026178940512,0.0052477083463783065,0.9999998474417577,0.5998265174606965,0.8675298078334781,0.6358215707364308,0.5099706458581188,4.999999405022855,0.010998265174606964,1260.2589423500435
333,131,-0.431886938011193,0.5597026178940512,0.0052477083463783065,0.9999998474417577,0.5998265174606965,0.8675298078334781,0.6358215707364308,0.5099706458581188,4.999999405022855,0.010998265174606964,1260.2589423500435
333,132,-0.431886938011193,0.5597026178940512,0.0052477083463783065,0.9999998474417577,0.5998265174606965,0.8675298078334781,0.6358215707364308,0.5099706458581188,4.999999405022855,0.010998265174606964,1260.2589423500435
333,133,-0.431886938011193,0.5597026178940512,0.0052477083463783065,0.9999998474417577,0.5998265174606965,0.8675298078334781,0.6358215707364308,0.5099706458581188,4.999999405022855,0.010998265174606964,1260.2589423500435
333,134,-0.431886938011193,0.5597026178940512,0.0052477083463783065,0.9999998474417577,0.5998265174606965,0.8675298078334781,0.6358215707364308,0.5099706458581188,4.999999405022855,0.010998265174606964,1260.2589423500435
333,135,-0.431886938011193,0.5597026178940512,0.0052477083463783065,0.9999998474417577,0.5998265174606965,0.8675298078334781,0.6358215707364308,0.5099706458581188,4.999999405022855,0.010998265174606964,1260.2589423500435
333,136,-0.431886938011193,0.5597026178940512,0.0052477083463783065,0.9999998474417577,0.5998265174606965,0.8675298078334781,0.6358215707364308,0.5099706458581188,4.999999405022855,0.010998265174606964,1260.2589423500435
333,137,-0.431886938011193,0.5597026178940512,0.0052477083463783065,0.9999998474417577,0.5998265174606965,0.8675298078334781,0.6358215707364308,0.5099706458581188,4.999999405022855,0.010998265174606964,1260.2589423500435
333,138,-0.431886938011193,0.5597026178940512,0.0052477083463783065,0.9999998474417577,0.5998265174606965,0.8675298078334781,0.6358215707364308,0.5099706458581188,4.999999405022855,0.010998265174606964,1260.2589423500435
333,139,-0.431886938011193,0.5597026178940512,0.0052477083463783065,0.9999998474417577,0.5998265174606965,0.8675298078334781,0.6358215707364308,0.5099706458581188,4.999999405022855,0.010998265174606964,1260.2589423500435
333,140,-0.431886938011193,0.5597026178940512,0.0052477083463783065,0.9999998474417577,0.5998265174606965,0.8675298078334781,0.6358215707364308,0.5099706458581188,4.999999405022855,0.010998265174606964,1260.2589423500435
333,141,-0.431886938011193,0.5597026178940512,0.0052477083463783065,0.9999998474417577,0.5998265174606965,0.8675298078334781,0.6358215707364308,0.5099706458581188,4.999999405022855,0.010998265174606964,1260.2589423500435
333,142,-0.431886938011193,0.5597026178940512,0.0052477083463783065,0.9999998474417577,0.5998265174606965,0.8675298078334781,0.6358215707364308,0.5099706458581188,4.999999405022855,0.010998265174606964,1260.2589423500435
333,143,-0.431886938011193,0.5597026178940512,0.0052477083463783065,0.9999998474417577,0.5998265174606965,0.8675298078334781,0.6358215707364308,0.5099706458581188,4.999999405022855,0.010998265174606964,1260.2589423500435
333,144,-0.289672452240178,0.6488863982579999,0.5,1.0,0.015,1.0,0.6893318389548,1.45,5.0,0.00515,1300.0
333,145,-0.431886938011193,0.5597026178940512,0.0052477083463783065,0.9999998474417577,0.5998265174606965,0.8675298078334781,0.6358215707364308,0.5099706458581188,4.999999405022855,0.010998265174606964,1260.2589423500435
333,146,-0.431886938011193,0.5597026178940512,0.0052477083463783065,0.9999998474417577,0.5998265174606965,0.8675298078334781,0.6358215707364308,0.5099706458581188,4.999999405022855,0.010998265174606964,1260.2589423500435
333,147,-0.431886938011193,0.5597026178940512,0.0052477083463783065,0.9999998474417577,0.5998265174606965,0.8675298078334781,0.6358215707364308,0.5099706458581188,4.999999405022855,0.010998265174606964,1260.2589423500435
333,148,-0.431886938011193,0.5597026178940512,0.0052477083463783065,0.9999998474417577,0.5998265174606965,0.8675298078334781,0.6358215707364308,0.5099706458581188,4.999999405022855,0.010998265174606964,1260.2589423500435
333,149,-0.431886938011193,0.5597026178940512,0.0052477083463783065,0.9999998474417577,0.5998265174606965,0.8675298078334781,0.6358215707364308,0.5099706458581188,4.999999405022855,0.010998265174606964,1260.2589423500435
333,150,-0.431886938011193,0.5597026178940512,0.0052477083463783065,0.9999998474417577,0.5998265174606965,0.8675298078334781,0.6358215707364308,0.5099706458581188,4.999999405022855,0.010998265174606964,1260.2589423500435
333,151,-0.431886938011193,0.5597026178940512,0.0052477083463783065,0.9999998474417577,0.5998265174606965,0.8675298078334781,0.6358215707364308,0.5099706458581188,4.999999405022855,0.010998265174606964,1260.2589423500435
333,152,-0.431886938011193,0.5597026178940512,0.0052477083463783065,0.9999998474417577,0.5998265174606965,0.8675298078334781,0.6358215707364308,0.5099706458581188,4.999999405022855,0.010998265174606964,1260.2589423500435
333,153,-0.26586305578497593,0.5595168235189677,0.5,1.0,0.015,1.0,0.6357100941113807,1.45,5.0,0.00515,1300.0
333,154,-0.431886938011193,0.5597026178940512,0.0052477083463783065,0.9999998474417577,0.5998265174606965,0.8675298078334781,0.6358215707364308,0.5099706458581188,4.999999405022855,0.010998265174606964,1260.2589423500435
333,155,-0.431886938011193,0.5597026178940512,0.0052477083463783065,0.9999998474417577,0.5998265174606965,0.8675298078334781,0.6358215707364308,0.5099706458581188,4.999999405022855,0.010998265174606964,1260.2589423500435
333,156,-0.431886938011193,0.5597026178940512,0.0052477083463783065,0.9999998474417577,0.5998265174606965,0.8675298078334781,0.6358215707364308,0.5099706458581188,4.999999405022855,0.010998265174606964,1260.2589423500435
333,157,-0.431886938011193,0.5597026178940512,0.0052477083463783065,0.9999998474417577,0.5998265174606965,0.8675298078334781,0.6358215707364308,0.5099706458581188,4.999999405022855,0.010998265174606964,1260.2589423500435
333,158,-0.431886938011193,0.5597026178940512,0.0052477083463783065,0.9999998474417577,0.5998265174606965,0.8675298078334781,0.6358215707364308,0.5099706458581188,4.999999405022855,0.010998265174606964,1260.2589423500435
333,159,-0.431886938011193,0.5597026178940512,0.0052477083463783065,0.9999998474417577,0.5998265174606965,0.8675298078334781,0.6358215707364308,0.5099706458581188,4.999999405022855,0.010998265174606964,1260.2589423500435
333,160,-0.431886938011193,0.5597026178940512,0.0052477083463783065,0.9999998474417577,0.5998265174606965,0.8675298078334781,0.6358215707364308,0.5099706458581188,4.999999405022855,0.010998265174606964,1260.2589423500435
333,161,-0.431886938011193,0.5597026178940512,0.0052477083463783065,0.9999998474417577,0.5998265174606965,0.8675298078334781,0.6358215707364308,0.5099706458581188,4.999999405022855,0.010998265174606964,1260.2589423500435
333,162,-0.23829505663306516,0.4731629697883317,0.5,1.0,0.015,1.0,0.5838977818729991,1.45,5.0,0.00515,1300.0
333,163,-0.431886938011193,0.5597026178940512,0.0052477083463783065,0.9999998474417577,0.5998265174606965,0.8675298078334781,0.6358215707364308,0.5099706458581188,4.999999405022855,0.010998265174606964,1260.2589423500435
333,164,-0.431886938011193,0.5597026178940512,0.0052477083463783065,0.9999998474417577,0.5998265174606965,0.8675298078334781,0.6358215707364308,0.5099706458581188,4.999999405022855,0.010998265174606964,1260.2589423500435
333,165,-0.431886938011193,0.5597026178940512,0.0052477083463783065,0.9999998474417577,0.5998265174606965,0.8675298078334781,0.6358215707364308,0.5099706458581188,4.999999405022855,0.010998265174606964,1260.2589423500435
333,166,-0.431886938011193,0.5597026178940512,0.0052477083463783065,0.9999998474417577,0.5998265174606965,0.8675298078334781,0.6358215707364308,0.5099706458581188,4.999999405022855,0.010998265174606964,1260.2589423500435
333,167,-0.431886938011193,0.5597026178940512,0.0052477083463783065,0.9999998474417577,0.5998265174606965,0.8675298078334781,0.6358215707364308,0.5099706458581188,4.999999405022855,0.010998265174606964,1260.2589423500435
333,168,-0.431886938011193,0.5597026178940512,0.0052477083463783065,0.9999998474417577,0.5998265174606965,0.8675298078334781,0.6358215707364308,0.5099706458581188,4.999999405022855,0.010998265174606964,1260.2589423500435
333,169,-0.431886938011193,0.5597026178940512,0.0052477083463783065,0.9999998474417577,0.5998265174606965,0.8675298078334781,0.6358215707364308,0.5099706458581188,4.999999405022855,0.010998265174606964,1260.2589423500435
333,170,-0.431886938011193,0.5597026178940512,0.0052477083463783065,0.9999998474417577,0.5998265174606965,0.8675298078334781,0.6358215707364308,0.5099706458581188,4.999999405022855,0.010998265174606964,1260.2589423500435
333,171,-0.431886938011193,0.5597026178940512,0.0052477083463783065,0.9999998474417577,0.5998265174606965,0.8675298078334781,0.6358215707364308,0.5099706458581188,4.999999405022855,0.010998265174606964,1260.2589423500435
333,172,-0.431886938011193,0.5597026178940512,0.0052477083463783065,0.9999998474417577,0.5998265174606965,0.8675298078334781,0.6358215707364308,0.5099706458581188,4.999999405022855,0.010998265174606964,1260.2589423500435
333,173,-0.431886938011193,0.5597026178940512,0.0052477083463783065,0.9999998474417577,0.5998265174606965,0.8675298078334781,0.6358215707364308,0.5099706458581188,4.999999405022855,0.010998265174606964,1260.2589423500435
333,174,-0.431886938011193,0.5597026178940512,0.0052477083463783065,0.9999998474417577,0.5998265174606965,0.8675298078334781,0.6358215707364308,0.5099706458581188,4.999999405022855,0.010998265174606964,1260.2589423500435
333,175,-0.431886938011193,0.5597026178940512,0.0052477083463783065,0.9999998474417577,0.5998265174606965,0.8675298078334781,0.6358215707364308,0.5099706458581188,4.999999405022855,0.010998265174606964,1260.2589423500435
333,176,-0.431886938011193,0.5597026178940512,0.0052477083463783065,0.9999998474417577,0.5998265174606965,0.8675298078334781,0.6358215707364308,0.5099706458581188,4.999999405022855,0.010998265174606964,1260.2589423500435
333,177,-0.431886938011193,0.5597026178940512,0.0052477083463783065,0.9999998474417577,0.5998265174606965,0.8675298078334781,0.6358215707364308,0.5099706458581188,4.999999405022855,0.010998265174606964,1260.2589423500435
333,178,-0.431886938011193,0.5597026178940512,0.0052477083463783065,0.9999998474417577,0.5998265174606965,0.8675298078334781,0.6358215707364308,0.5099706458581188,4.999999405022855,0.010998265174606964,1260.2589423500435
333,179,-0.431886938011193,0.5597026178940512,0.0052477083463783065,0.9999998474417577,0.5998265174606965,0.8675298078334781,0.6358215707364308,0.5099706458581188,4.999999405022855,0.010998265174606964,1260.2589423500435
333,180,-0.431886938011193,0.5597026178940512,0.0052477083463783065,0.9999998474417577,0.5998265174606965,0.8675298078334781,0.6358215707364308,0.5099706458581188,4.999999405022855,0.010998265174606964,1260.2589423500435
333,181,-0.431886938011193,0.5597026178940512,0.0052477083463783065,0.9999998474417577,0.5998265174606965,0.8675298078334781,0.6358215707364308,0.5099706458581188,4.999999405022855,0.010998265174606964,1260.2589423500435
333,182,-0.431886938011193,0.5597026178940512,0.0052477083463783065,0.9999998474417577,0.5998265174606965,0.8675298078334781,0.6358215707364308,0.5099706458581188,4.999999405022855,0.010998265174606964,1260.2589423500435
333,183,-0.23413449006050532,0.4611534558232798,0.5,1.0,0.015,1.0,0.576692073493968,1.45,5.0,0.00515,1300.0
333,184,-0.431886938011193,0.5597026178940512,0.0052477083463783065,0.9999998474417577,0.5998265174606965,0.8675298078334781,0.6358215707364308,0.5099706458581188,4.999999405022855,0.010998265174606964,1260.2589423500435
333,185,-0.431886938011193,0.5597026178940512,0.0052477083463783065,0.9999998474417577,0.5998265174606965,0.8675298078334781,0.6358215707364308,0.5099706458581188,4.999999405022855,0.010998265174606964,1260.2589423500435
333,186,-0.431886938011193,0.5597026178940512,0.0052477083463783065,0.9999998474417577,0.5998265174606965,0.8675298078334781,0.6358215707364308,0.5099706458581188,4.999999405022855,0.010998265174606964,1260.2589423500435
333,187,-0.431886938011193,0.5597026178940512,0.0052477083463783065,0.9999998474417577,0.5998265174606965,0.8675298078334781,0.6358215707364308,0.5099706458581188,4.999999405022855,0.010998265174606964,1260.2589423500435
333,188,-0.431886938011193,0.5597026178940512,0.0052477083463783065,0.9999998474417577,0.5998265174606965,0.8675298078334781,0.6358215707364308,0.5099706458581188,4.999999405022855,0.010998265174606964,1260.2589423500435
333,189,-0.431886938011193,0.5597026178940512,0.0052477083463783065,0.9999998474417577,0.5998265174606965,0.8675298078334781,0.6358215707364308,0.5099706458581188,4.999999405022855,0.010998265174606964,1260.2589423500435
333,190,-0.431886938011193,0.5597026178940512,0.0052477083463783065,0.9999998474417577,0.5998265174606965,0.8675298078334781,0.6358215707364308,0.5099706458581188,4.999999405022855,0.010998265174606964,1260.2589423500435
333,191,-0.431886938011193,0.5597026178940512,0.0052477083463783065,0.9999998474417577,0.5998265174606965,0.8675298078334781,0.6358215707364308,0.5099706458581188,4.999999405022855,0.010998265174606964,1260.2589423500435
333,192,-0.431886938011193,0.5597026178940512,0.0052477083463783065,0.9999998474417577,0.5998265174606965,0.8675298078334781,0.6358215707364308,0.5099706458581188,4.999999405022855,0.010998265174606964,1260.2589423500435
333,193,-0.431886938011193,0.5597026178940512,0.0052477083463783065,0.9999998474417577,0.5998265174606965,0.8675298078334782,0.6358215707364308,0.5099706458581188,4.999999405022855,0.010998265174606964,1260.2589423500435
333,194,-0.431886938011193,0.5597026178940512,0.0052477083463783065,0.9999998474417577,0.5998265174606965,0.8675298078334781,0.6358215707364308,0.5099706458581188,4.999999405022855,0.010998265174606964,1260.2589423500435
333,195,-0.431886938011193,0.5597026178940512,0.0052477083463783065,0.9999998474417577,0.5998265174606965,0.8675298078334781,0.6358215707364308,0.5099706458581188,4.999999405022855,0.010998265174606964,1260.2589423500435
333,196,-0.431886938011193,0.5597026178940512,0.0052477083463783065,0.9999998474417577,0.5998265174606965,0.8675298078334781,0.6358215707364308,0.5099706458581188,4.999999405022855,0.010998265174606964,1260.2589423500435
333,197,-0.431886938011193,0.5597026178940512,0.0052477083463783065,0.9999998474417577,0.5998265174606965,0.8675298078334781,0.6358215707364308,0.5099706458581188,4.999999405022855,0.010998265174606964,1260.2589423500435
333,198,-0.431886938011193,0.5597026178940512,0.0052477083463783065,0.9999998474417577,0.5998265174606965,0.8675298078334781,0.6358215707364308,0.5099706458581188,4.999999405022855,0.010998265174606964,1260.2589423500435
333,199,-0.431886938011193,0.5597026178940512,0.0052477083463783065,0.9999998474417577,0.5998265174606965,0.8675298078334781,0.6358215707364308,0.5099706458581188,4.999999405022855,0.010998265174606964,1260.2589423500435
