iteration,candidate_index,objective,phi_n,u_avg_n,ar_n,lt_1_n,a_0_n,phi,u_avg,ar,lt_1,a_0
141,0,-0.4280986765109519,0.5673473621414766,0.009230899579865497,0.9940952888281371,0.35314199769438137,0.7149124641534277,0.6404084172848861,0.5175387092017445,4.9769716264297355,0.008531419976943812,1214.4737392460283
141,1,-0.26547725780816867,0.5582068762602997,0.5,1.0,0.015,1.0,0.63492412575618,1.45,5.0,0.00515,1300.0
141,2,-0.42809867629720694,0.5673473706808199,0.009230899579865086,0.9940952888281372,0.3531419781889413,0.7149122474841413,0.6404084224084919,0.5175387092017436,4.9769716264297355,0.008531419781889413,1214.4736742452424
141,3,-0.42809867645473804,0.567347385665971,0.009230899579865358,0.9940952888281371,0.3531420062871622,0.7149124996124092,0.6404084313995826,0.5175387092017442,4.9769716264297355,0.008531420062871622,1214.4737498837228
141,4,-0.42809867638466237,0.5673473623841959,0.009230899579865316,0.9940952888281374,0.35314194298503043,0.7149125054909122,0.6404084174305176,0.517538709201744,4.9769716264297355,0.008531419429850303,1214.4737516472737
141,5,-0.4280986761921455,0.5673473861774521,0.009230899579865472,0.9940952888281372,0.35314197006687154,0.714912217698163,0.6404084317064713,0.5175387092017444,4.9769716264297355,0.008531419700668716,1214.473665309449
141,6,-0.4280986763463141,0.5673473706972145,0.009230899579865604,0.9940952888281374,0.3531419954122793,0.7149122514495074,0.6404084224183287,0.5175387092017446,4.9769716264297355,0.008531419954122793,1214.4736754348523
141,7,-0.428098676112777,0.5673473675397351,0.009230899579865845,0.9940952888281374,0.353141885115299,0.7149123444996914,0.6404084205238412,0.5175387092017452,4.9769716264297355,0.008531418851152989,1214.4737033499075
141,8,-0.42809867621394077,0.5673473898924248,0.009230899579865292,0.9940952888281374,0.3531419812577625,0.7149122300823817,0.640408433935455,0.517538709201744,4.9769716264297355,0.008531419812577625,1214.4736690247146
141,9,-0.4280986762446468,0.5673473917959085,0.00923089957986533,0.9940952888281372,0.3531420039695221,0.7149121899127152,0.6404084350775452,0.5175387092017442,4.9769716264297355,0.00853142003969522,1214.4736569738145
141,10,-0.4280986763159107,0.5673473742544873,0.009230899579865566,0.9940952888281374,0.35314200542657687,0.714912177292149,0.6404084245526924,0.5175387092017446,4.9769716264297355,0.008531420054265769,1214.4736531876447
141,11,-0.42809867629077575,0.5673473733183979,0.009230899579865875,0.9940952888281371,0.3531419745320489,0.714912273160935,0.6404084239910388,0.5175387092017452,4.9769716264297355,0.008531419745320488,1214.4736819482805
141,12,-0.42809867638668525,0.5673473683760736,0.009230899579865783,0.9940952888281374,0.3531419786203402,0.7149123842895981,0.6404084210256442,0.5175387092017449,4.9769716264297355,0.008531419786203401,1214.4737152868795
141,13,-0.42809867636668075,0.5673473773012434,0.009230899579865576,0.9940952888281374,0.35314198582857464,0.7149123813134819,0.6404084263807461,0.5175387092017446,4.9769716264297355,0.008531419858285746,1214.4737143940447
141,14,-0.4280986763569025,0.5673473853157999,0.009230899579865897,0.9940952888281374,0.35314201281602253,0.7149122955606153,0.64040843118948,0.5175387092017452,4.9769716264297355,0.008531420128160225,1214.4736886681846
141,15,-0.4280986763746229,0.5673473649901006,0.009230899579865198,0.9940952888281374,0.3531420088471191,0.714912194769906,0.6404084189940604,0.5175387092017438,4.9769716264297355,0.00853142008847119,1214.4736584309717
141,16,-0.4280986760705218,0.5673473742544873,0.00923089957986593,0.9940952888281371,0.3531419153141479,0.714912177292149,0.6404084245526924,0.5175387092017453,4.9769716264297355,0.008531419153141479,1214.4736531876447
141,17,-0.4280986763230434,0.5673474165446328,0.009230899579865452,0.9940952888281372,0.35314201211137397,0.7149124711391438,0.6404084499267797,0.5175387092017444,4.9769716264297355,0.008531420121113738,1214.473741341743
141,18,-0.42809867644791866,0.5673473769834314,0.009230899579865679,0.9940952888281371,0.3531419954724717,0.7149124747571929,0.6404084261900589,0.5175387092017448,4.9769716264297355,0.008531419954724716,1214.473742427158
141,19,-0.24600351843334214,0.4960261870411411,0.5,1.0,0.015,1.0,0.5976157122246847,1.45,5.0,0.00515,1300.0
141,20,-0.42809867632622844,0.5673473768563104,0.009230899579865339,0.9940952888281374,0.35314200936805473,0.7149121958328196,0.6404084261137863,0.5175387092017442,4.9769716264297355,0.008531420093680547,1214.473658749846
141,21,-0.42809867620153536,0.5673473974740904,0.009230899579865812,0.9940952888281371,0.35314196234459605,0.7149123543497002,0.6404084384844543,0.517538709201745,4.9769716264297355,0.00853141962344596,1214.4737063049101
141,22,-0.42809867608027313,0.5673474070237665,0.00923089957986602,0.9940952888281371,0.35314193690900053,0.7149123344545396,0.6404084442142599,0.5175387092017454,4.9769716264297355,0.008531419369090005,1214.4737003363618
141,23,-0.4280986763155882,0.5673473704874644,0.00923089957986567,0.9940952888281374,0.3531419883103302,0.7149122300557649,0.6404084222924786,0.5175387092017447,4.9769716264297355,0.008531419883103302,1214.4736690167294
141,24,-0.4280986763666807,0.5673473773012434,0.00923089957986571,0.9940952888281374,0.35314198582857464,0.7149123813134819,0.6404084263807461,0.5175387092017448,4.9769716264297355,0.008531419858285746,1214.4737143940447
141,25,-0.42809867639437915,0.5673473792926178,0.00923089957986561,0.9940952888281374,0.35314201281602253,0.7149123162653169,0.6404084275755707,0.5175387092017446,4.9769716264297355,0.008531420128160225,1214.473694879595
141,26,-0.42809867632143167,0.5673473758913092,0.009230899579865663,0.9940952888281371,0.35314199096904497,0.7149122676346525,0.6404084255347856,0.5175387092017447,4.9769716264297355,0.00853141990969045,1214.4736802903958
141,27,-0.4280986763569025,0.5673473853157999,0.009230899579865897,0.9940952888281374,0.35314201281602253,0.7149122955606153,0.64040843118948,0.5175387092017452,4.9769716264297355,0.008531420128160225,1214.4736886681846
141,28,-0.42809867627907755,0.567347381564981,0.009230899579865785,0.9940952888281374,0.35314200082543445,0.714912189073129,0.6404084289389886,0.5175387092017449,4.9769716264297355,0.008531420008254345,1214.4736567219388
141,29,-0.42809867630606957,0.5673473720806748,0.009230899579865668,0.9940952888281371,0.35314196868643427,0.7149123183837354,0.6404084232484049,0.5175387092017447,4.9769716264297355,0.008531419686864342,1214.4736955151207
141,30,-0.4280986763873002,0.5673473716085291,0.009230899579865559,0.9940952888281372,0.353141999087009,0.7149123121791137,0.6404084229651175,0.5175387092017446,4.9769716264297355,0.00853141999087009,1214.473693653734
141,31,-0.4280986760493275,0.5673473897631046,0.009230899579865202,0.9940952888281371,0.35314189653654077,0.7149123442951867,0.6404084338578628,0.5175387092017438,4.9769716264297355,0.008531418965365408,1214.473703288556
141,32,-0.4280986762310777,0.5673474057133145,0.009230899579865655,0.9940952888281371,0.3531419696152608,0.7149124323351207,0.6404084434279887,0.5175387092017447,4.9769716264297355,0.008531419696152608,1214.4737297005363
141,33,-0.42809867636451987,0.5673474026941286,0.009230899579865722,0.9940952888281372,0.3531420080059041,0.7149124603363277,0.6404084416164773,0.5175387092017448,4.9769716264297355,0.00853142008005904,1214.4737381008983
141,34,-0.4280986763414477,0.5673473653418916,0.009230899579865712,0.9940952888281371,0.3531419698314582,0.714912324700375,0.6404084192051349,0.5175387092017448,4.9769716264297355,0.008531419698314582,1214.4736974101124
141,35,-0.4280986760774803,0.5673474533775695,0.009230899579865705,0.9940952888281374,0.35314201281602253,0.7149123126337606,0.6404084720265417,0.5175387092017448,4.9769716264297355,0.008531420128160225,1214.4736937901282
141,36,-0.42809867641151655,0.5673473783473123,0.00923089957986559,0.9940952888281372,0.353141999087009,0.7149124042734988,0.6404084270083874,0.5175387092017446,4.9769716264297355,0.00853141999087009,1214.4737212820496
141,37,-0.428098676280138,0.567347375837381,0.009230899579865644,0.9940952888281371,0.3531419886177607,0.7149122064377764,0.6404084255024287,0.5175387092017447,4.9769716264297355,0.008531419886177607,1214.473661931333
141,38,-0.42809867624965087,0.5673473869999986,0.009230899579865613,0.9940952888281372,0.35314199117924183,0.7149122238124082,0.6404084321999992,0.5175387092017447,4.9769716264297355,0.008531419911792418,1214.4736671437224
141,39,-0.2613159912179128,0.5442933733416144,0.5,1.0,0.015,1.0,0.6265760240049687,1.45,5.0,0.00515,1300.0
141,40,-0.4280986761466843,0.5673473942711613,0.009230899579865259,0.9940952888281372,0.3531419665946182,0.7149122148876679,0.6404084365626969,0.5175387092017439,4.9769716264297355,0.008531419665946182,1214.4736644663003
141,41,-0.428098676283834,0.5673473822981956,0.009230899579865774,0.9940952888281374,0.35314200485747643,0.7149121836578678,0.6404084293789174,0.5175387092017449,4.9769716264297355,0.008531420048574764,1214.4736550973603
141,42,-0.4280986762929263,0.5673473791286154,0.009230899579865743,0.9940952888281374,0.35314199347236663,0.7149122300557649,0.6404084274771693,0.5175387092017449,4.9769716264297355,0.008531419934723665,1214.4736690167294
141,43,-0.42809867635000787,0.5673473759374256,0.009230899579865767,0.9940952888281372,0.35314201156122305,0.7149122200586059,0.6404084255624554,0.5175387092017449,4.9769716264297355,0.00853142011561223,1214.4736660175818
141,44,-0.42809867635864357,0.5673473835725173,0.009230899579865452,0.9940952888281374,0.35314201187707206,0.7149122901414681,0.6404084301435105,0.5175387092017444,4.9769716264297355,0.00853142011877072,1214.4736870424404
141,45,-0.4280986763345558,0.5673473747975553,0.00923089957986561,0.9940952888281374,0.35314198388033624,0.7149123160416951,0.6404084248785332,0.5175387092017446,4.9769716264297355,0.008531419838803362,1214.4736948125085
141,46,-0.4280986760956673,0.5673473821838771,0.009230899579866007,0.9940952888281371,0.35314193968842467,0.7149121641628938,0.6404084293103263,0.5175387092017454,4.9769716264297355,0.008531419396884246,1214.4736492488682
141,47,-0.42809867646205524,0.567347385665971,0.009230899579865474,0.9940952888281374,0.3531420004643233,0.7149125399930666,0.6404084313995826,0.5175387092017444,4.9769716264297355,0.008531420004643233,1214.47376199792
141,48,-0.2594740667839833,0.5382546282774924,0.5,1.0,0.015,1.0,0.6229527769664955,1.45,5.0,0.00515,1300.0
141,49,-0.42809867636238913,0.5673473781866232,0.009230899579865804,0.9940952888281374,0.3531419776875552,0.7149124190211962,0.640408426911974,0.517538709201745,4.9769716264297355,0.008531419776875552,1214.473725706359
141,50,-0.42809867623426867,0.5673473940383631,0.009230899579865557,0.9940952888281374,0.3531419444035001,0.7149124710801378,0.6404084364230179,0.5175387092017446,4.9769716264297355,0.008531419444035002,1214.4737413240414
141,51,-0.4280986762227528,0.5673473912313247,0.009230899579865545,0.9940952888281371,0.3531419487627888,0.71491240954342,0.6404084347387948,0.5175387092017445,4.9769716264297355,0.008531419487627888,1214.473722863026
141,52,-0.42809867625672193,0.567347391119579,0.009230899579865701,0.9940952888281371,0.35314199096904497,0.7149122676346525,0.6404084346717475,0.5175387092017448,4.9769716264297355,0.00853141990969045,1214.4736802903958
141,53,-0.42809867641386407,0.5673473851186615,0.009230899579865417,0.9940952888281374,0.35314199769438137,0.7149124651102547,0.6404084310711969,0.5175387092017443,4.9769716264297355,0.008531419976943812,1214.4737395330765
141,54,-0.42809867635494436,0.567347369209524,0.009230899579865198,0.9940952888281374,0.35314200995254136,0.7149121864770275,0.6404084215257144,0.5175387092017438,4.9769716264297355,0.008531420099525414,1214.4736559431083
141,55,-0.42809867617915764,0.5673474026941286,0.009230899579865668,0.9940952888281372,0.35314197795079616,0.7149122799550448,0.6404084416164773,0.5175387092017447,4.9769716264297355,0.008531419779507962,1214.4736839865134
141,56,-0.4280986764875684,0.5673473695918647,0.00923089957986514,0.9940952888281372,0.35314200838071214,0.7149124278654242,0.6404084217551189,0.5175387092017437,4.9769716264297355,0.00853142008380712,1214.4737283596273
141,57,-0.42809867650500816,0.5673473636694635,0.009230899579865505,0.9940952888281374,0.35314199769438137,0.7149124651102547,0.6404084182016782,0.5175387092017445,4.9769716264297355,0.008531419976943812,1214.4737395330765
141,58,-0.2551180534914294,0.5242436336237939,0.5,1.0,0.015,1.0,0.6145461801742764,1.45,5.0,0.00515,1300.0
141,59,-0.4280986763220993,0.5673474052322012,0.009230899579865602,0.9940952888281372,0.35314197960151406,0.7149125399930666,0.6404084431393208,0.5175387092017446,4.9769716264297355,0.008531419796015141,1214.47376199792
141,60,-0.4280986764372055,0.5673473621414766,0.009230899579865497,0.9940952888281371,0.3531419706129991,0.7149124641534277,0.6404084172848861,0.5175387092017445,4.9769716264297355,0.008531419706129991,1214.4737392460283
141,61,-0.42809867642484023,0.5673473874350311,0.009230899579865563,0.9940952888281374,0.35314201234175685,0.7149124318849793,0.6404084324610186,0.5175387092017446,4.9769716264297355,0.008531420123417567,1214.4737295654938
141,62,-0.4280986763511011,0.567347392841426,0.009230899579865733,0.9940952888281374,0.3531420118320895,0.7149123458438745,0.6404084357048556,0.5175387092017449,4.9769716264297355,0.008531420118320894,1214.4737037531625
141,63,-0.4280986763746229,0.5673473649901006,0.009230899579865198,0.9940952888281374,0.3531420088471191,0.714912194769906,0.6404084189940604,0.5175387092017438,4.9769716264297355,0.00853142008847119,1214.4736584309717
141,64,-0.4280986763155881,0.5673473704874644,0.009230899579865805,0.9940952888281374,0.3531419883103302,0.7149122300557649,0.6404084222924786,0.517538709201745,4.9769716264297355,0.008531419883103302,1214.4736690167294
141,65,-0.42809867646956523,0.5673473636694635,0.009230899579865505,0.9940952888281374,0.3531419913337875,0.7149124335322544,0.6404084182016782,0.5175387092017445,4.9769716264297355,0.008531419913337874,1214.4737300596762
141,66,-0.4280986762825235,0.5673473655275861,0.009230899579865597,0.9940952888281371,0.35314194880513716,0.7149123231709146,0.6404084193165518,0.5175387092017446,4.9769716264297355,0.008531419488051372,1214.4736969512744
141,67,-0.42809867626344805,0.5673473909393465,0.00923089957986576,0.9940952888281374,0.3531420108554,0.7149121836578678,0.640408434563608,0.5175387092017449,4.9769716264297355,0.008531420108553999,1214.4736550973603
141,68,-0.4280986763351419,0.5673473739285483,0.009230899579865734,0.9940952888281374,0.3531420119801354,0.714912177292149,0.6404084243571291,0.5175387092017449,4.9769716264297355,0.008531420119801354,1214.4736531876447
141,69,-0.4280986763155881,0.5673473704874644,0.009230899579865805,0.9940952888281374,0.3531419883103302,0.7149122300557649,0.6404084222924786,0.517538709201745,4.9769716264297355,0.008531419883103302,1214.4736690167294
141,70,-0.42809867636668075,0.5673473773012434,0.009230899579865576,0.9940952888281374,0.35314198582857464,0.7149123813134819,0.6404084263807461,0.5175387092017446,4.9769716264297355,0.008531419858285746,1214.4737143940447
141,71,-0.42809867621300335,0.5673473797079315,0.009230899579865488,0.9940952888281374,0.3531419471344735,0.7149123149565569,0.6404084278247589,0.5175387092017444,4.9769716264297355,0.008531419471344734,1214.4736944869671
141,72,-0.42809867622646025,0.5673473787858405,0.009230899579865965,0.9940952888281374,0.35314196414451304,0.7149122508639385,0.6404084272715044,0.5175387092017454,4.9769716264297355,0.00853141964144513,1214.4736752591816
141,73,-0.4280986763334011,0.5673473786241412,0.009230899579865703,0.9940952888281372,0.3531419616743684,0.7149124477330416,0.6404084271744848,0.5175387092017448,4.9769716264297355,0.008531419616743684,1214.4737343199124
141,74,-0.42809867607879903,0.5673474405212243,0.009230899579865583,0.9940952888281371,0.35314197989661134,0.7149123759405743,0.6404084643127346,0.5175387092017446,4.9769716264297355,0.008531419798966114,1214.4737127821722
141,75,-0.4280986763105064,0.5673473846005165,0.009230899579865854,0.9940952888281372,0.35314197178972206,0.7149124040924099,0.64040843076031,0.5175387092017452,4.9769716264297355,0.00853141971789722,1214.473721227723
141,76,-0.42809867603783563,0.5673474351025134,0.009230899579865934,0.9940952888281374,0.3531419561591572,0.7149123770745481,0.6404084610615081,0.5175387092017453,4.9769716264297355,0.008531419561591572,1214.4737131223644
141,77,-0.4280986763463141,0.5673473706972145,0.009230899579865663,0.9940952888281374,0.3531419954122793,0.7149122514495074,0.6404084224183287,0.5175387092017447,4.9769716264297355,0.008531419954122793,1214.4736754348523
141,78,-0.42809867622646025,0.5673473787858405,0.009230899579865965,0.9940952888281374,0.35314196414451304,0.7149122508639385,0.6404084272715044,0.5175387092017454,4.9769716264297355,0.00853141964144513,1214.4736752591816
141,79,-0.28712969949660033,0.6383572563734918,0.5,1.0,0.015,1.0,0.6830143538240951,1.45,5.0,0.00515,1300.0
141,80,-0.42809867632475396,0.5673473765691716,0.009230899579865866,0.9940952888281372,0.3531419553452269,0.7149124474818985,0.640408425941503,0.5175387092017452,4.9769716264297355,0.008531419553452269,1214.4737342445696
141,81,-0.4280986764073073,0.5673473786766399,0.00923089957986561,0.9940952888281374,0.35314200671529045,0.7149123631804631,0.640408427205984,0.5175387092017446,4.9769716264297355,0.008531420067152904,1214.473708954139
141,82,-0.4280986763537523,0.5673473779172213,0.009230899579865576,0.9940952888281374,0.35314199192930673,0.7149123343983357,0.6404084267503328,0.5175387092017446,4.9769716264297355,0.008531419919293067,1214.4737003195007
141,83,-0.42809867634751847,0.5673473853157999,0.009230899579865805,0.9940952888281374,0.35314201281602253,0.7149122792085023,0.64040843118948,0.517538709201745,4.9769716264297355,0.008531420128160225,1214.4736837625508
141,84,-0.4280986760916769,0.5673473623277447,0.009230899579865505,0.9940952888281371,0.35314184186359276,0.7149124743741079,0.6404084173966469,0.5175387092017445,4.9769716264297355,0.008531418418635927,1214.4737423122324
141,85,-0.4280986764357102,0.5673473621414766,0.009230899579865497,0.9940952888281371,0.3531419868911296,0.7149123843064018,0.6404084172848861,0.5175387092017445,4.9769716264297355,0.008531419868911296,1214.4737152919206
141,86,-0.42809867644192245,0.5673473773012434,0.009230899579865576,0.9940952888281374,0.35314199663182644,0.7149124611605078,0.6404084263807461,0.5175387092017446,4.9769716264297355,0.008531419966318263,1214.4737383481524
141,87,-0.4280986763683506,0.5673473795285904,0.009230899579865691,0.9940952888281374,0.3531419949059055,0.7149123576429147,0.6404084277171542,0.5175387092017448,4.9769716264297355,0.008531419949059054,1214.4737072928745
141,88,-0.42809867627740755,0.567347379337634,0.00923089957986567,0.9940952888281374,0.3531419917481036,0.7149122127436962,0.6404084276025804,0.5175387092017447,4.9769716264297355,0.008531419917481036,1214.4736638231088
141,89,-0.4280986762588142,0.567347381074216,0.009230899579865982,0.9940952888281372,0.35314197233948597,0.7149122852993395,0.6404084286445296,0.5175387092017454,4.9769716264297355,0.00853141972339486,1214.4736855898018
141,90,-0.42809867618673947,0.5673473816095393,0.009230899579865488,0.9940952888281374,0.3531419471344735,0.7149122832719418,0.6404084289657237,0.5175387092017444,4.9769716264297355,0.008531419471344734,1214.4736849815824
141,91,-0.428098676290069,0.567347378148579,0.009230899579865792,0.9940952888281374,0.35314199292094284,0.7149122204367653,0.6404084268891475,0.517538709201745,4.9769716264297355,0.008531419929209428,1214.4736661310296
141,92,-0.4280986763205506,0.5673473849545935,0.009230899579865679,0.9940952888281372,0.35314200327764106,0.7149122748027135,0.6404084309727561,0.5175387092017448,4.9769716264297355,0.00853142003277641,1214.473682440814
141,93,-0.4280986763139346,0.5673473897988623,0.009230899579865545,0.9940952888281374,0.3531419525201318,0.7149125399930666,0.6404084338793175,0.5175387092017445,4.9769716264297355,0.008531419525201318,1214.47376199792
141,94,-0.42809867643942723,0.5673473791028023,0.009230899579865563,0.9940952888281374,0.35314199769438137,0.7149124651102547,0.6404084274616815,0.5175387092017446,4.9769716264297355,0.008531419976943812,1214.4737395330765
141,95,-0.42809867637815113,0.5673473918964709,0.00923089957986538,0.9940952888281374,0.3531419974509467,0.7149124542214327,0.6404084351378826,0.5175387092017443,4.9769716264297355,0.008531419974509466,1214.4737362664298
141,96,-0.4280986764680248,0.5673473684044323,0.009230899579865417,0.9940952888281374,0.3531419972177986,0.7149124379874471,0.6404084210426595,0.5175387092017443,4.9769716264297355,0.008531419972177986,1214.4737313962341
141,97,-0.4280986762516218,0.5673473808537531,0.0092308995798658,0.9940952888281374,0.3531419885551704,0.7149121941885751,0.640408428512252,0.517538709201745,4.9769716264297355,0.008531419885551703,1214.4736582565724
141,98,-0.4280986763485371,0.5673473757375267,0.009230899579865361,0.9940952888281374,0.3531420086022789,0.7149122300557649,0.6404084254425161,0.5175387092017442,4.9769716264297355,0.00853142008602279,1214.4736690167294
141,99,-0.428098676440682,0.5673473636694635,0.009230899579865505,0.9940952888281374,0.35314199846889405,0.7149123493461172,0.6404084182016782,0.5175387092017445,4.9769716264297355,0.00853141998468894,1214.473704803835
141,100,-0.2537201132384188,0.519823237271134,0.5,1.0,0.015,1.0,0.6118939423626804,1.45,5.0,0.00515,1300.0
141,101,-0.42809867635656473,0.5673473635429293,0.009230899579865202,0.9940952888281371,0.35314194298503043,0.7149124651102547,0.6404084181257577,0.5175387092017438,4.9769716264297355,0.008531419429850303,1214.4737395330765
141,102,-0.42809867645516203,0.5673473758246981,0.009230899579865679,0.9940952888281371,0.35314199476782315,0.7149124821427073,0.6404084254948189,0.5175387092017448,4.9769716264297355,0.008531419947678231,1214.473744642812
141,103,-0.42809867624727443,0.5673473856749176,0.009230899579865346,0.9940952888281374,0.353141987748648,0.7149122261382717,0.6404084314049506,0.5175387092017442,4.9769716264297355,0.00853141987748648,1214.4736678414815
141,104,-0.428098676109104,0.5673474426841301,0.009230899579865951,0.9940952888281371,0.35314197349775667,0.7149124751265263,0.640408465610478,0.5175387092017453,4.9769716264297355,0.008531419734977567,1214.4737425379578
141,105,-0.4280986763537122,0.5673473782561091,0.009230899579865563,0.9940952888281371,0.3531419525201318,0.714912523837979,0.6404084269536655,0.5175387092017446,4.9769716264297355,0.008531419525201318,1214.4737571513938
141,106,-0.4280986761065036,0.5673473652575953,0.009230899579865635,0.9940952888281372,0.3531419073785077,0.7149122110286206,0.6404084191545573,0.5175387092017447,4.9769716264297355,0.008531419073785077,1214.473663308586
141,107,-0.4280986762785605,0.5673473918950762,0.009230899579865491,0.9940952888281372,0.35314201114320826,0.7149122157023723,0.6404084351370458,0.5175387092017444,4.9769716264297355,0.008531420111432082,1214.4736647107118
141,108,-0.42809867635841325,0.5673473671883131,0.00923089957986568,0.9940952888281371,0.35314199096904497,0.7149122676346525,0.640408420312988,0.5175387092017448,4.9769716264297355,0.00853141990969045,1214.4736802903958
141,109,-0.42809867630972315,0.567347371039674,0.00923089957986552,0.9940952888281372,0.3531419460873276,0.7149124242768387,0.6404084226238045,0.5175387092017445,4.9769716264297355,0.008531419460873275,1214.4737272830516
141,110,-0.42809867650500816,0.5673473636694635,0.009230899579865507,0.9940952888281374,0.35314199769438137,0.7149124651102547,0.6404084182016782,0.5175387092017445,4.9769716264297355,0.008531419976943812,1214.4737395330765
141,111,-0.42809867645023825,0.5673473769834314,0.009230899579865679,0.9940952888281371,0.35314199476782315,0.7149124821427073,0.6404084261900589,0.5175387092017448,4.9769716264297355,0.008531419947678231,1214.473744642812
141,112,-0.428098676361696,0.5673473683996081,0.009230899579865465,0.9940952888281371,0.35314199747558506,0.7149122514495074,0.6404084210397649,0.5175387092017444,4.9769716264297355,0.00853141997475585,1214.4736754348523
141,113,-0.42809867638144367,0.567347382336785,0.009230899579865608,0.9940952888281374,0.35314201281602253,0.7149123162653169,0.6404084294020711,0.5175387092017446,4.9769716264297355,0.008531420128160225,1214.473694879595
141,114,-0.4280986763112839,0.5673473935562572,0.009230899579865608,0.9940952888281374,0.3531420094311656,0.7149122931474798,0.6404084361337543,0.5175387092017446,4.9769716264297355,0.008531420094311655,1214.473687944244
141,115,-0.24189238325634538,0.4837284515380227,0.5,1.0,0.015,1.0,0.5902370709228136,1.45,5.0,0.00515,1300.0
141,116,-0.4280986762853437,0.5673473816767369,0.009230899579865408,0.9940952888281374,0.3531419954122793,0.7149122265051825,0.6404084290060422,0.5175387092017443,4.9769716264297355,0.008531419954122793,1214.4736679515547
141,117,-0.4280986764997113,0.5673473649159722,0.00923089957986562,0.9940952888281374,0.35314199769438137,0.7149124651102547,0.6404084189495833,0.5175387092017447,4.9769716264297355,0.008531419976943812,1214.4737395330765
141,118,-0.42809867611180036,0.5673473640110867,0.009230899579865521,0.9940952888281372,0.3531419073785077,0.7149122110286206,0.6404084184066521,0.5175387092017445,4.9769716264297355,0.008531419073785077,1214.473663308586
141,119,-0.42809867629998544,0.5673473832631195,0.009230899579865358,0.9940952888281374,0.35314200995254136,0.714912194769906,0.6404084299578717,0.5175387092017442,4.9769716264297355,0.008531420099525414,1214.4736584309717
141,120,-0.42809867630629805,0.567347383991323,0.009230899579865792,0.9940952888281372,0.3531420126602795,0.7149121983134423,0.6404084303947939,0.517538709201745,4.9769716264297355,0.008531420126602796,1214.4736594940327
141,121,-0.4280986761758632,0.5673473737336102,0.00923089957986582,0.9940952888281371,0.35314194372273705,0.7149122221918883,0.6404084242401662,0.517538709201745,4.9769716264297355,0.00853141943722737,1214.4736666575666
141,122,-0.4280986763154145,0.5673473692393861,0.009230899579865365,0.9940952888281374,0.353141981187102,0.7149122543117706,0.6404084215436316,0.5175387092017442,4.9769716264297355,0.00853141981187102,1214.4736762935313
141,123,-0.42809867616308733,0.5673473743849653,0.009230899579865531,0.9940952888281371,0.35314194950983024,0.714912177292149,0.6404084246309792,0.5175387092017445,4.9769716264297355,0.008531419495098301,1214.4736531876447
141,124,-0.42809867638775223,0.5673473649901006,0.009230899579865694,0.9940952888281374,0.3531420110130103,0.7149122073710603,0.6404084189940604,0.5175387092017448,4.9769716264297355,0.008531420110130103,1214.473662211318
141,125,-0.4280986764447315,0.5673473759560954,0.009230899579865488,0.9940952888281374,0.35314200888323644,0.7149123979610393,0.6404084255736573,0.5175387092017444,4.9769716264297355,0.008531420088832363,1214.4737193883118
141,126,-0.4280986763583148,0.5673473839946624,0.009230899579865198,0.9940952888281374,0.3531420113217065,0.7149122953292182,0.6404084303967975,0.5175387092017438,4.9769716264297355,0.008531420113217064,1214.4736885987654
141,127,-0.4280986761677334,0.567347380268078,0.00923089957986556,0.9940952888281371,0.3531419052893038,0.7149124387803283,0.6404084281608469,0.5175387092017446,4.9769716264297355,0.008531419052893037,1214.4737316340984
141,128,-0.42809867602458923,0.5673473910543607,0.009230899579865533,0.9940952888281372,0.35314186937080083,0.7149124396538362,0.6404084346326164,0.5175387092017445,4.9769716264297355,0.008531418693708008,1214.4737318961509
141,129,-0.4280986763463141,0.5673473706972145,0.009230899579865663,0.9940952888281374,0.3531419954122793,0.7149122514495074,0.6404084224183287,0.5175387092017447,4.9769716264297355,0.008531419954122793,1214.4736754348523
141,130,-0.42809867635841325,0.5673473671883131,0.00923089957986571,0.9940952888281371,0.35314199096904497,0.7149122676346525,0.640408420312988,0.5175387092017448,4.9769716264297355,0.00853141990969045,1214.4736802903958
141,131,-0.42809867632475396,0.5673473765691716,0.009230899579865866,0.9940952888281372,0.3531419553452269,0.7149124474818985,0.640408425941503,0.5175387092017452,4.9769716264297355,0.008531419553452269,1214.4737342445696
141,132,-0.42809867625788883,0.567347377084278,0.0092308995798656,0.9940952888281371,0.35314195242253016,0.714912348650981,0.6404084262505668,0.5175387092017446,4.9769716264297355,0.0085314195242253,1214.4737045952943
141,133,-0.42809867629908827,0.5673473695918647,0.009230899579865086,0.9940952888281372,0.35314197718058027,0.7149122474841413,0.6404084217551189,0.5175387092017436,4.9769716264297355,0.008531419771805802,1214.4736742452424
141,134,-0.42809867650500827,0.5673473636694635,0.009230899579865417,0.9940952888281374,0.35314199769438137,0.7149124651102547,0.6404084182016782,0.5175387092017443,4.9769716264297355,0.008531419976943812,1214.4737395330765
141,135,-0.2534976443908224,0.519123033521039,0.5,1.0,0.015,1.0,0.6114738201126234,1.45,5.0,0.00515,1300.0
141,136,-0.4280986763226141,0.5673473756329594,0.009230899579865802,0.9940952888281372,0.35314197928897917,0.7149123232052969,0.6404084253797757,0.517538709201745,4.9769716264297355,0.00853141979288979,1214.473696961589
141,137,-0.4280986762785605,0.5673473918950762,0.009230899579865462,0.9940952888281372,0.35314201114320826,0.7149122157023723,0.6404084351370458,0.5175387092017444,4.9769716264297355,0.008531420111432082,1214.4736647107118
141,138,-0.42809867650500816,0.5673473636694635,0.009230899579865505,0.9940952888281374,0.35314199769438137,0.7149124651102547,0.6404084182016782,0.5175387092017445,4.9769716264297355,0.008531419976943812,1214.4737395330765
141,139,-0.42809867645672345,0.56734737684905,0.009230899579865497,0.9940952888281371,0.35314199769438137,0.714912478561303,0.64040842610943,0.5175387092017445,4.9769716264297355,0.008531419976943812,1214.473743568391
141,140,-0.42809867640794064,0.5673473635485358,0.009230899579865563,0.9940952888281371,0.3531419525201318,0.7149125094301036,0.6404084181291215,0.5175387092017446,4.9769716264297355,0.008531419525201318,1214.4737528290311
141,141,-0.31691994651021504,0.7908825382777718,0.5,1.0,0.015,1.0,0.7745295229666631,1.45,5.0,0.00515,1300.0
141,142,-0.4280986765114027,0.5673473636694635,0.009230899579865505,0.9940952888281374,0.3531420007710372,0.7149124616538,0.6404084182016782,0.5175387092017445,4.9769716264297355,0.008531420007710372,1214.47373849614
141,143,-0.428098676235132,0.5673473753251851,0.009230899579865517,0.9940952888281372,0.35314195392938486,0.7149122888215348,0.6404084251951111,0.5175387092017445,4.9769716264297355,0.008531419539293848,1214.4736866464605
141,144,-0.42809867607050883,0.5673474038493929,0.009230899579865738,0.9940952888281374,0.35314195474524523,0.7149122093001758,0.6404084423096358,0.5175387092017449,4.9769716264297355,0.008531419547452452,1214.4736627900527
141,145,-0.4280986761716203,0.5673474034283041,0.009230899579865576,0.9940952888281374,0.3531419604356933,0.7149123553682579,0.6404084420569826,0.5175387092017446,4.9769716264297355,0.008531419604356933,1214.4737066104774
141,146,-0.2785079123293092,0.6046286646915421,0.5,1.0,0.015,1.0,0.6627771988149254,1.45,5.0,0.00515,1300.0
141,147,-0.42809867643698907,0.567347367636873,0.009230899579865509,0.9940952888281371,0.35314198451651047,0.7149124384928653,0.6404084205821239,0.5175387092017445,4.9769716264297355,0.008531419845165105,1214.4737315478596
141,148,-0.4280986764005769,0.5673473689270807,0.009230899579865651,0.9940952888281371,0.3531419954122793,0.7149123328963449,0.6404084213562484,0.5175387092017447,4.9769716264297355,0.008531419954122793,1214.4736998689034
141,149,-0.25004706027748663,0.508373105795447,0.5,1.0,0.015,1.0,0.6050238634772682,1.45,5.0,0.00515,1300.0
141,150,-0.428098676383117,0.5673473771804279,0.009230899579865733,0.9940952888281372,0.3531419776832986,0.7149124477096244,0.6404084263082568,0.5175387092017449,4.9769716264297355,0.008531419776832985,1214.4737343128872
141,151,-0.4280986763614885,0.5673473623841959,0.009230899579865202,0.9940952888281371,0.35314194298503043,0.7149124651102547,0.6404084174305176,0.5175387092017438,4.9769716264297355,0.008531419429850303,1214.4737395330765
141,152,-0.428098676428423,0.5673473949606572,0.009230899579865488,0.9940952888281374,0.3531420113578238,0.7149124985203515,0.6404084369763944,0.5175387092017444,4.9769716264297355,0.008531420113578238,1214.4737495561055
141,153,-0.42809867620773634,0.5673473976227924,0.009230899579865746,0.9940952888281374,0.3531419777400969,0.714912293202649,0.6404084385736755,0.5175387092017449,4.9769716264297355,0.008531419777400968,1214.4736879607947
141,154,-0.2924686321134516,0.6608225832613959,0.5,1.0,0.015,1.0,0.6964935499568375,1.45,5.0,0.00515,1300.0
141,155,-0.4280986763694536,0.5673473769834314,0.009230899579865679,0.9940952888281371,0.3531419903062542,0.7149123625451572,0.6404084261900589,0.5175387092017448,4.9769716264297355,0.008531419903062542,1214.4737087635472
141,156,-0.4280986763963727,0.5673473704874644,0.009230899579865805,0.9940952888281374,0.35314199277189917,0.714912349653315,0.6404084222924786,0.517538709201745,4.9769716264297355,0.00853141992771899,1214.4737048959946
141,157,-0.42809867618153896,0.5673474048695731,0.009230899579865892,0.9940952888281374,0.35314200103533,0.7149121906744031,0.6404084429217439,0.5175387092017452,4.9769716264297355,0.0085314200103533,1214.473657202321
141,158,-0.4280986762840076,0.5673474165446328,0.009230899579865452,0.9940952888281372,0.35314199933298085,0.7149124637536294,0.6404084499267797,0.5175387092017444,4.9769716264297355,0.008531419993329807,1214.4737391260887
141,159,-0.428098676362198,0.5673473765691716,0.009230899579865767,0.9940952888281372,0.3531419553452269,0.714912512728447,0.640408425941503,0.5175387092017449,4.9769716264297355,0.008531419553452269,1214.473753818534
141,160,-0.42809867644046756,0.567347385665971,0.009230899579865573,0.9940952888281374,0.3531420062871622,0.7149124747465182,0.6404084313995826,0.5175387092017446,4.9769716264297355,0.008531420062871622,1214.4737424239554
141,161,-0.42809867632143167,0.5673473758913092,0.009230899579865663,0.9940952888281371,0.35314199096904497,0.7149122676346525,0.6404084255347856,0.5175387092017447,4.9769716264297355,0.00853141990969045,1214.4736802903958
141,162,-0.4280986762483529,0.5673474052322012,0.009230899579865602,0.9940952888281372,0.3531419525201318,0.7149125399930666,0.6404084431393208,0.5175387092017446,4.9769716264297355,0.008531419525201318,1214.47376199792
141,163,-0.4280986764752137,0.5673473715274766,0.00923089957986561,0.9940952888281374,0.35314201281602253,0.714912399623759,0.640408422916486,0.5175387092017446,4.9769716264297355,0.008531420128160225,1214.4737198871276
141,164,-0.42809867622888853,0.5673473788048152,0.009230899579865521,0.9940952888281372,0.3531419460873276,0.7149123409183966,0.6404084272828892,0.5175387092017445,4.9769716264297355,0.008531419460873275,1214.473702275519
141,165,-0.4280986761871772,0.5673473764343545,0.009230899579865358,0.9940952888281374,0.3531419578707633,0.714912194769906,0.6404084258606128,0.5175387092017442,4.9769716264297355,0.008531419578707632,1214.4736584309717
141,166,-0.42809867647435496,0.5673473691993238,0.009230899579865202,0.9940952888281371,0.35314199506680855,0.7149124651102547,0.6404084215195943,0.5175387092017438,4.9769716264297355,0.008531419950668084,1214.4737395330765
141,167,-0.42809867613823555,0.5673474222968053,0.009230899579865722,0.9940952888281371,0.35314201281602253,0.7149121883583812,0.6404084533780833,0.5175387092017448,4.9769716264297355,0.008531420128160225,1214.4736565075143
141,168,-0.4280986762451488,0.5673473923485406,0.00923089957986583,0.9940952888281374,0.35314199096904497,0.7149122565684203,0.6404084354091244,0.517538709201745,4.9769716264297355,0.00853141990969045,1214.473676970526
141,169,-0.4280986762649121,0.5673473966314397,0.009230899579865833,0.9940952888281372,0.3531420024834695,0.7149122680820028,0.6404084379788639,0.517538709201745,4.9769716264297355,0.008531420024834695,1214.4736804246008
141,170,-0.4280986762983482,0.5673473966004244,0.009230899579865606,0.9940952888281374,0.3531420094311656,0.7149122931474798,0.6404084379602547,0.5175387092017446,4.9769716264297355,0.008531420094311655,1214.473687944244
141,171,-0.2550245278649363,0.523946782667987,0.5,1.0,0.015,1.0,0.6143680696007923,1.45,5.0,0.00515,1300.0
141,172,-0.42809867624066483,0.5673473802664497,0.00923089957986558,0.9940952888281371,0.3531419858710567,0.7149121834835531,0.6404084281598699,0.5175387092017446,4.9769716264297355,0.008531419858710566,1214.473655045066
141,173,-0.4280986761826209,0.5673473747975553,0.00923089957986561,0.9940952888281374,0.3531419280863036,0.7149123160416951,0.6404084248785332,0.5175387092017446,4.9769716264297355,0.008531419280863036,1214.4736948125085
141,174,-0.42809867636668075,0.5673473773012434,0.009230899579865576,0.9940952888281374,0.35314198582857464,0.7149123813134819,0.6404084263807461,0.5175387092017446,4.9769716264297355,0.008531419858285746,1214.4737143940447
141,175,-0.42809867628130527,0.5673473861484829,0.009230899579865493,0.9940952888281372,0.3531420099708145,0.7149121834976768,0.6404084316890898,0.5175387092017444,4.9769716264297355,0.008531420099708144,1214.473655049303
141,176,-0.42809867627925235,0.567347379901913,0.009230899579865401,0.9940952888281374,0.35314199942528446,0.7149121837071875,0.6404084279411478,0.5175387092017443,4.9769716264297355,0.008531419994252845,1214.4736551121562
141,177,-0.42809867623480785,0.5673473918950762,0.009230899579865486,0.9940952888281372,0.35314198464633384,0.7149122651931591,0.6404084351370458,0.5175387092017444,4.9769716264297355,0.008531419846463339,1214.4736795579477
141,178,-0.2965671094136997,0.6790797225421717,0.5,1.0,0.015,1.0,0.7074478335253032,1.45,5.0,0.00515,1300.0
141,179,-0.25823974538637706,0.53424680392598,0.5,1.0,0.015,1.0,0.620548082355588,1.45,5.0,0.00515,1300.0
141,180,-0.4280986764501674,0.5673473724225817,0.009230899579865679,0.9940952888281371,0.35314199476782315,0.7149124482486229,0.6404084234535491,0.5175387092017448,4.9769716264297355,0.008531419947678231,1214.4737344745868
141,181,-0.4280986762552589,0.5673474165446328,0.009230899579865455,0.9940952888281374,0.35314199884018865,0.7149124159969855,0.6404084499267797,0.5175387092017444,4.9769716264297355,0.008531419988401887,1214.4737247990956
141,182,-0.4280986762784683,0.5673473797079315,0.009230899579865484,0.9940952888281372,0.3531419611103074,0.7149123627132008,0.6404084278247589,0.5175387092017444,4.9769716264297355,0.008531419611103073,1214.4737088139602
141,183,-0.4280986762586614,0.5673473712078703,0.009230899579865965,0.9940952888281374,0.35314196414451304,0.7149122508639385,0.6404084227247222,0.5175387092017454,4.9769716264297355,0.00853141964144513,1214.4736752591816
141,184,-0.4280986763061287,0.5673473729198618,0.009230899579865712,0.9940952888281371,0.35314196868643427,0.714912324700375,0.6404084237519172,0.5175387092017448,4.9769716264297355,0.008531419686864342,1214.4736974101124
141,185,-0.4280986762945858,0.5673473881238349,0.009230899579865498,0.9940952888281372,0.35314201114320826,0.7149122157023723,0.6404084328743009,0.5175387092017445,4.9769716264297355,0.008531420111432082,1214.4736647107118
141,186,-0.42809867628354326,0.5673473780257288,0.009230899579865628,0.9940952888281371,0.35314199942528446,0.714912177292149,0.6404084268154373,0.5175387092017447,4.9769716264297355,0.008531419994252845,1214.4736531876447
141,187,-0.4280986761765161,0.5673473964108707,0.009230899579865639,0.9940952888281372,0.35314196917715523,0.7149122704593556,0.6404084378465225,0.5175387092017447,4.9769716264297355,0.008531419691771552,1214.4736811378066
141,188,-0.42809867616384506,0.5673473777873727,0.009230899579865589,0.9940952888281372,0.35314191682022034,0.7149123589211526,0.6404084266724237,0.5175387092017446,4.9769716264297355,0.008531419168202202,1214.4737076763458
141,189,-0.4280986764909438,0.5673473669935523,0.0092308995798656,0.9940952888281371,0.35314199771667193,0.7149124651102547,0.6404084201961314,0.5175387092017446,4.9769716264297355,0.00853141997716672,1214.4737395330765
141,190,-0.42809867631363285,0.5673473709303986,0.00923089957986548,0.9940952888281372,0.3531419994029939,0.714912177292149,0.6404084225582392,0.5175387092017444,4.9769716264297355,0.008531419994029938,1214.4736531876447
141,191,-0.4280986762868078,0.567347377084278,0.0092308995798656,0.9940952888281372,0.3531419630422485,0.714912348650981,0.6404084262505668,0.5175387092017446,4.9769716264297355,0.008531419630422483,1214.4737045952943
141,192,-0.4280986761050379,0.5673474533775695,0.009230899579865781,0.9940952888281372,0.3531420021963042,0.7149124110447854,0.6404084720265417,0.5175387092017449,4.9769716264297355,0.008531420021963042,1214.4737233134356
141,193,-0.2854701151378318,0.631639051603493,0.5,1.0,0.015,1.0,0.6789834309620959,1.45,5.0,0.00515,1300.0
141,194,-0.42809867628641113,0.5673473798391477,0.009230899579865785,0.9940952888281374,0.35314200082543445,0.714912189073129,0.6404084279034887,0.5175387092017449,4.9769716264297355,0.008531420008254345,1214.4736567219388
141,195,-0.42809867630031473,0.5673473689685644,0.009230899579865202,0.9940952888281371,0.3531419565021841,0.7149123431274602,0.6404084213811387,0.5175387092017438,4.9769716264297355,0.00853141956502184,1214.4737029382381
141,196,-0.42809867634025145,0.5673473749806125,0.009230899579865785,0.9940952888281374,0.3531419873082807,0.7149123110559237,0.6404084249883675,0.5175387092017449,4.9769716264297355,0.008531419873082806,1214.4736933167771
141,197,-0.4280986764905836,0.5673473826838624,0.009230899579865474,0.9940952888281374,0.3531420062871622,0.7149125399930666,0.6404084296103175,0.5175387092017444,4.9769716264297355,0.008531420062871622,1214.47376199792
141,198,-0.4280986762840409,0.5673473751913304,0.009230899579865602,0.9940952888281372,0.3531419525201318,0.7149123797419268,0.6404084251147983,0.5175387092017446,4.9769716264297355,0.008531419525201318,1214.473713922578
141,199,-0.4280986765109657,0.5673473621414766,0.009230899579865497,0.9940952888281374,0.35314199769438137,0.7149124641775264,0.6404084172848861,0.5175387092017445,4.9769716264297355,0.008531419976943812,1214.473739253258
