iteration,candidate_index,objective,phi_n,u_avg_n,ar_n,lt_1_n,a_0_n,phi,u_avg,ar,lt_1,a_0
439,0,-0.42810250985528825,0.5696622638282758,0.011007602983449442,0.9999344980931719,0.4264067907601444,0.9965459419721808,0.6417973582969655,0.5209144456685539,4.99974454256337,0.009264067907601443,1298.9637825916543
439,1,-0.42810250985528825,0.5696622638282758,0.011007602983449442,0.9999344980931719,0.4264067907601444,0.9965459419721807,0.6417973582969655,0.5209144456685539,4.99974454256337,0.009264067907601443,1298.9637825916543
439,2,-0.42810250985528825,0.5696622638282758,0.011007602983449442,0.9999344980931719,0.4264067907601444,0.9965459419721807,0.6417973582969655,0.5209144456685539,4.99974454256337,0.009264067907601443,1298.9637825916543
439,3,-0.42810250985528825,0.5696622638282758,0.011007602983449442,0.9999344980931719,0.4264067907601444,0.9965459419721807,0.6417973582969655,0.5209144456685539,4.99974454256337,0.009264067907601443,1298.9637825916543
439,4,-0.42810250985528825,0.5696622638282758,0.011007602983449442,0.9999344980931719,0.4264067907601444,0.9965459419721807,0.6417973582969655,0.5209144456685539,4.99974454256337,0.009264067907601443,1298.9637825916543
439,5,-0.23488802396084718,0.4633125653096364,0.5,1.0,0.015,1.0,0.5779875391857818,1.45,5.0,0.00515,1300.0
439,6,-0.42810250985528825,0.5696622638282758,0.011007602983449442,0.9999344980931719,0.4264067907601444,0.9965459419721807,0.6417973582969655,0.5209144456685539,4.99974454256337,0.009264067907601443,1298.9637825916543
439,7,-0.25804005397964846,0.5336012694380466,0.5,1.0,0.015,1.0,0.620160761662828,1.45,5.0,0.00515,1300.0
439,8,-0.42810250985528825,0.5696622638282758,0.011007602983449442,0.9999344980931719,0.4264067907601444,0.9965459419721807,0.6417973582969655,0.5209144456685539,4.99974454256337,0.009264067907601443,1298.9637825916543
439,9,-0.42810250985528825,0.5696622638282758,0.011007602983449442,0.9999344980931719,0.4264067907601444,0.9965459419721807,0.6417973582969655,0.5209144456685539,4.99974454256337,0.009264067907601443,1298.9637825916543
439,10,-0.42810250985528825,0.5696622638282758,0.011007602983449442,0.9999344980931719,0.4264067907601444,0.9965459419721807,0.6417973582969655,0.5209144456685539,4.99974454256337,0.009264067907601443,1298.9637825916543
439,11,-0.42810250985528825,0.5696622638282758,0.011007602983449442,0.9999344980931719,0.4264067907601444,0.9965459419721807,0.6417973582969655,0.5209144456685539,4.99974454256337,0.009264067907601443,1298.9637825916543
439,12,-0.42810250985528825,0.5696622638282758,0.011007602983449442,0.9999344980931719,0.4264067907601444,0.9965459419721807,0.6417973582969655,0.5209144456685539,4.99974454256337,0.009264067907601443,1298.9637825916543
439,13,-0.2715076043659174,0.579104621085741,0.5,1.0,0.015,1.0,0.6474627726514446,1.45,5.0,0.00515,1300.0
439,14,-0.42810250985528825,0.5696622638282758,0.011007602983449442,0.9999344980931719,0.4264067907601444,0.9965459419721807,0.6417973582969655,0.5209144456685539,4.99974454256337,0.009264067907601443,1298.9637825916543
439,15,-0.42810250985528825,0.5696622638282758,0.011007602983449442,0.9999344980931719,0.4264067907601444,0.9965459419721807,0.6417973582969655,0.5209144456685539,4.99974454256337,0.009264067907601443,1298.9637825916543
439,16,-0.42810250985528825,0.5696622638282758,0.011007602983449442,0.9999344980931719,0.4264067907601444,0.9965459419721807,0.6417973582969655,0.5209144456685539,4.99974454256337,0.009264067907601443,1298.9637825916543
439,17,-0.42810250985528825,0.5696622638282758,0.011007602983449442,0.9999344980931719,0.4264067907601444,0.9965459419721807,0.6417973582969655,0.5209144456685539,4.99974454256337,0.009264067907601443,1298.9637825916543
439,18,-0.42810250985528825,0.5696622638282758,0.011007602983449442,0.9999344980931719,0.4264067907601444,0.9965459419721808,0.6417973582969655,0.5209144456685539,4.99974454256337,0.009264067907601443,1298.9637825916543
439,19,-0.42810250985528825,0.5696622638282758,0.011007602983449442,0.9999344980931719,0.4264067907601444,0.9965459419721807,0.6417973582969655,0.5209144456685539,4.99974454256337,0.009264067907601443,1298.9637825916543
439,20,-0.42810250985528825,0.5696622638282758,0.011007602983449442,0.9999344980931719,0.4264067907601444,0.9965459419721807,0.6417973582969655,0.5209144456685539,4.99974454256337,0.009264067907601443,1298.9637825916543
439,21,-0.42810250985528825,0.5696622638282758,0.011007602983449442,0.9999344980931719,0.4264067907601444,0.9965459419721807,0.6417973582969655,0.5209144456685539,4.99974454256337,0.009264067907601443,1298.9637825916543
439,22,-0.42810250985528825,0.5696622638282758,0.011007602983449442,0.9999344980931719,0.4264067907601444,0.9965459419721808,0.6417973582969655,0.5209144456685539,4.99974454256337,0.009264067907601443,1298.9637825916543
439,23,-0.42810250985528825,0.5696622638282758,0.011007602983449442,0.9999344980931719,0.4264067907601444,0.9965459419721807,0.6417973582969655,0.5209144456685539,4.99974454256337,0.009264067907601443,1298.9637825916543
439,24,-0.42810250985528825,0.5696622638282758,0.011007602983449442,0.9999344980931719,0.4264067907601444,0.9965459419721807,0.6417973582969655,0.5209144456685539,4.99974454256337,0.009264067907601443,1298.9637825916543
439,25,-0.42810250985528825,0.5696622638282758,0.011007602983449442,0.9999344980931719,0.4264067907601444,0.9965459419721807,0.6417973582969655,0.5209144456685539,4.99974454256337,0.009264067907601443,1298.9637825916543
439,26,-0.42810250985528825,0.5696622638282758,0.011007602983449442,0.9999344980931719,0.4264067907601444,0.9965459419721807,0.6417973582969655,0.5209144456685539,4.99974454256337,0.009264067907601443,1298.9637825916543
439,27,-0.42810250985528825,0.5696622638282758,0.011007602983449442,0.9999344980931719,0.4264067907601444,0.9965459419721807,0.6417973582969655,0.5209144456685539,4.99974454256337,0.009264067907601443,1298.9637825916543
439,28,-0.42810250985528825,0.5696622638282758,0.011007602983449442,0.9999344980931719,0.4264067907601444,0.9965459419721807,0.6417973582969655,0.5209144456685539,4.99974454256337,0.009264067907601443,1298.9637825916543
439,29,-0.42810250985528825,0.5696622638282758,0.011007602983449442,0.9999344980931719,0.4264067907601444,0.9965459419721807,0.6417973582969655,0.5209144456685539,4.99974454256337,0.009264067907601443,1298.9637825916543
439,30,-0.2486407566640486,0.504049370561731,0.5,1.0,0.015,1.0,0.6024296223370387,1.45,5.0,0.00515,1300.0
439,31,-0.42810250985528825,0.5696622638282758,0.011007602983449442,0.9999344980931719,0.4264067907601444,0.9965459419721807,0.6417973582969655,0.5209144456685539,4.99974454256337,0.009264067907601443,1298.9637825916543
439,32,-0.42810250985528825,0.5696622638282758,0.011007602983449442,0.9999344980931719,0.4264067907601444,0.9965459419721807,0.6417973582969655,0.5209144456685539,4.99974454256337,0.009264067907601443,1298.9637825916543
439,33,-0.42810250985528825,0.5696622638282758,0.011007602983449442,0.9999344980931719,0.4264067907601444,0.9965459419721807,0.6417973582969655,0.5209144456685539,4.99974454256337,0.009264067907601443,1298.9637825916543
439,34,-0.42810250985528825,0.5696622638282758,0.011007602983449442,0.9999344980931719,0.4264067907601444,0.9965459419721807,0.6417973582969655,0.5209144456685539,4.99974454256337,0.009264067907601443,1298.9637825916543
439,35,-0.42810250985528825,0.5696622638282758,0.011007602983449442,0.9999344980931719,0.4264067907601444,0.9965459419721807,0.6417973582969655,0.5209144456685539,4.99974454256337,0.009264067907601443,1298.9637825916543
439,36,-0.42810250985528825,0.5696622638282758,0.011007602983449442,0.9999344980931719,0.4264067907601444,0.9965459419721807,0.6417973582969655,0.5209144456685539,4.99974454256337,0.009264067907601443,1298.9637825916543
439,37,-0.42810250985528825,0.5696622638282758,0.011007602983449442,0.9999344980931719,0.4264067907601444,0.9965459419721807,0.6417973582969655,0.5209144456685539,4.99974454256337,0.009264067907601443,1298.9637825916543
439,38,-0.42810250985528825,0.5696622638282758,0.011007602983449442,0.9999344980931719,0.4264067907601444,0.9965459419721807,0.6417973582969655,0.5209144456685539,4.99974454256337,0.009264067907601443,1298.9637825916543
439,39,-0.42810250985528825,0.5696622638282758,0.011007602983449442,0.9999344980931719,0.4264067907601444,0.9965459419721807,0.6417973582969655,0.5209144456685539,4.99974454256337,0.009264067907601443,1298.9637825916543
439,40,-0.42810250985528825,0.5696622638282758,0.011007602983449442,0.9999344980931719,0.4264067907601444,0.9965459419721807,0.6417973582969655,0.5209144456685539,4.99974454256337,0.009264067907601443,1298.9637825916543
439,41,-0.42810250985528825,0.5696622638282758,0.011007602983449442,0.9999344980931719,0.4264067907601444,0.9965459419721807,0.6417973582969655,0.5209144456685539,4.99974454256337,0.009264067907601443,1298.9637825916543
439,42,-0.42810250985528825,0.5696622638282758,0.011007602983449442,0.9999344980931719,0.4264067907601444,0.9965459419721807,0.6417973582969655,0.5209144456685539,4.99974454256337,0.009264067907601443,1298.9637825916543
439,43,-0.42810250985528825,0.5696622638282758,0.011007602983449442,0.9999344980931719,0.4264067907601444,0.9965459419721807,0.6417973582969655,0.5209144456685539,4.99974454256337,0.009264067907601443,1298.9637825916543
439,44,-0.42810250985528825,0.5696622638282758,0.011007602983449442,0.9999344980931719,0.4264067907601444,0.9965459419721807,0.6417973582969655,0.5209144456685539,4.99974454256337,0.009264067907601443,1298.9637825916543
439,45,-0.42810250985528825,0.5696622638282758,0.011007602983449442,0.9999344980931719,0.4264067907601444,0.9965459419721807,0.6417973582969655,0.5209144456685539,4.99974454256337,0.009264067907601443,1298.9637825916543
439,46,-0.42810250985528825,0.5696622638282758,0.011007602983449442,0.9999344980931719,0.4264067907601444,0.9965459419721807,0.6417973582969655,0.5209144456685539,4.99974454256337,0.009264067907601443,1298.9637825916543
439,47,-0.42810250985528825,0.5696622638282758,0.011007602983449442,0.9999344980931719,0.4264067907601444,0.9965459419721807,0.6417973582969655,0.5209144456685539,4.99974454256337,0.009264067907601443,1298.9637825916543
439,48,-0.42810250985528825,0.5696622638282758,0.011007602983449442,0.9999344980931719,0.4264067907601444,0.9965459419721807,0.6417973582969655,0.5209144456685539,4.99974454256337,0.009264067907601443,1298.9637825916543
439,49,-0.42810250985528825,0.5696622638282758,0.011007602983449442,0.9999344980931719,0.4264067907601444,0.9965459419721807,0.6417973582969655,0.5209144456685539,4.99974454256337,0.009264067907601443,1298.9637825916543
439,50,-0.42810250985528825,0.5696622638282758,0.011007602983449442,0.9999344980931719,0.4264067907601444,0.9965459419721807,0.6417973582969655,0.5209144456685539,4.99974454256337,0.009264067907601443,1298.9637825916543
439,51,-0.42810250985528825,0.5696622638282758,0.011007602983449442,0.9999344980931719,0.4264067907601444,0.9965459419721807,0.6417973582969655,0.5209144456685539,4.99974454256337,0.009264067907601443,1298.9637825916543
439,52,-0.42810250985528825,0.5696622638282758,0.011007602983449442,0.9999344980931719,0.4264067907601444,0.9965459419721807,0.6417973582969655,0.5209144456685539,4.99974454256337,0.009264067907601443,1298.9637825916543
439,53,-0.42810250985528825,0.5696622638282758,0.011007602983449442,0.9999344980931719,0.4264067907601444,0.9965459419721807,0.6417973582969655,0.5209144456685539,4.99974454256337,0.009264067907601443,1298.9637825916543
439,54,-0.42810250985528825,0.5696622638282758,0.011007602983449442,0.9999344980931719,0.4264067907601444,0.9965459419721807,0.6417973582969655,0.5209144456685539,4.99974454256337,0.009264067907601443,1298.9637825916543
439,55,-0.42810250985528825,0.5696622638282758,0.011007602983449442,0.9999344980931719,0.4264067907601444,0.9965459419721807,0.6417973582969655,0.5209144456685539,4.99974454256337,0.009264067907601443,1298.9637825916543
439,56,-0.42810250985528825,0.5696622638282758,0.011007602983449442,0.9999344980931719,0.4264067907601444,0.9965459419721807,0.6417973582969655,0.5209144456685539,4.99974454256337,0.009264067907601443,1298.9637825916543
439,57,-0.42810250985528825,0.5696622638282758,0.011007602983449442,0.9999344980931719,0.4264067907601444,0.9965459419721807,0.6417973582969655,0.5209144456685539,4.99974454256337,0.009264067907601443,1298.9637825916543
439,58,-0.42810250985528825,0.5696622638282758,0.011007602983449442,0.9999344980931719,0.4264067907601444,0.9965459419721807,0.6417973582969655,0.5209144456685539,4.99974454256337,0.009264067907601443,1298.9637825916543
439,59,-0.42810250985528825,0.5696622638282758,0.011007602983449442,0.9999344980931719,0.4264067907601444,0.9965459419721807,0.6417973582969655,0.5209144456685539,4.99974454256337,0.009264067907601443,1298.9637825916543
439,60,-0.42810250985528825,0.5696622638282758,0.011007602983449442,0.9999344980931719,0.4264067907601444,0.9965459419721807,0.6417973582969655,0.5209144456685539,4.99974454256337,0.009264067907601443,1298.9637825916543
439,61,-0.42810250985528825,0.5696622638282758,0.011007602983449442,0.9999344980931719,0.4264067907601444,0.9965459419721807,0.6417973582969655,0.5209144456685539,4.99974454256337,0.009264067907601443,1298.9637825916543
439,62,-0.42810250985528825,0.5696622638282758,0.011007602983449442,0.9999344980931719,0.4264067907601444,0.9965459419721808,0.6417973582969655,0.5209144456685539,4.99974454256337,0.009264067907601443,1298.9637825916543
439,63,-0.42810250985528825,0.5696622638282758,0.011007602983449442,0.9999344980931719,0.4264067907601444,0.9965459419721807,0.6417973582969655,0.5209144456685539,4.99974454256337,0.009264067907601443,1298.9637825916543
439,64,-0.29973691960673154,0.6939108293419928,0.5,1.0,0.015,1.0,0.7163464976051956,1.45,5.0,0.00515,1300.0
439,65,-0.42810250985528825,0.5696622638282758,0.011007602983449442,0.9999344980931719,0.4264067907601444,0.9965459419721807,0.6417973582969655,0.5209144456685539,4.99974454256337,0.009264067907601443,1298.9637825916543
439,66,-0.42810250985528825,0.5696622638282758,0.011007602983449442,0.9999344980931719,0.4264067907601444,0.9965459419721807,0.6417973582969655,0.5209144456685539,4.99974454256337,0.009264067907601443,1298.9637825916543
439,67,-0.42810250985528825,0.5696622638282758,0.011007602983449442,0.9999344980931719,0.4264067907601444,0.9965459419721807,0.6417973582969655,0.5209144456685539,4.99974454256337,0.009264067907601443,1298.9637825916543
439,68,-0.42810250985528825,0.5696622638282758,0.011007602983449442,0.9999344980931719,0.4264067907601444,0.9965459419721807,0.6417973582969655,0.5209144456685539,4.99974454256337,0.009264067907601443,1298.9637825916543
439,69,-0.42810250985528825,0.5696622638282758,0.011007602983449442,0.9999344980931719,0.4264067907601444,0.9965459419721807,0.6417973582969655,0.5209144456685539,4.99974454256337,0.009264067907601443,1298.9637825916543
439,70,-0.42810250985528825,0.5696622638282758,0.011007602983449442,0.9999344980931719,0.4264067907601444,0.9965459419721807,0.6417973582969655,0.5209144456685539,4.99974454256337,0.009264067907601443,1298.9637825916543
439,71,-0.42810250985528825,0.5696622638282758,0.011007602983449442,0.9999344980931719,0.4264067907601444,0.9965459419721807,0.6417973582969655,0.5209144456685539,4.99974454256337,0.009264067907601443,1298.9637825916543
439,72,-0.42810250985528825,0.5696622638282758,0.011007602983449442,0.9999344980931719,0.4264067907601444,0.9965459419721807,0.6417973582969655,0.5209144456685539,4.99974454256337,0.009264067907601443,1298.9637825916543
439,73,-0.42810250985528825,0.5696622638282758,0.011007602983449442,0.9999344980931719,0.4264067907601444,0.9965459419721807,0.6417973582969655,0.5209144456685539,4.99974454256337,0.009264067907601443,1298.9637825916543
439,74,-0.42810250985528825,0.5696622638282758,0.011007602983449442,0.9999344980931719,0.4264067907601444,0.9965459419721807,0.6417973582969655,0.5209144456685539,4.99974454256337,0.009264067907601443,1298.9637825916543
439,75,-0.42810250985528825,0.5696622638282758,0.011007602983449442,0.9999344980931719,0.4264067907601444,0.9965459419721807,0.6417973582969655,0.5209144456685539,4.99974454256337,0.009264067907601443,1298.9637825916543
439,76,-0.42810250985528825,0.5696622638282758,0.011007602983449442,0.9999344980931719,0.4264067907601444,0.9965459419721807,0.6417973582969655,0.5209144456685539,4.99974454256337,0.009264067907601443,1298.9637825916543
439,77,-0.42810250985528825,0.5696622638282758,0.011007602983449442,0.9999344980931719,0.4264067907601444,0.9965459419721807,0.6417973582969655,0.5209144456685539,4.99974454256337,0.009264067907601443,1298.9637825916543
439,78,-0.42810250985528825,0.5696622638282758,0.011007602983449442,0.9999344980931719,0.4264067907601444,0.9965459419721807,0.6417973582969655,0.5209144456685539,4.99974454256337,0.009264067907601443,1298.9637825916543
439,79,-0.42810250985528825,0.5696622638282758,0.011007602983449442,0.9999344980931719,0.4264067907601444,0.9965459419721807,0.6417973582969655,0.5209144456685539,4.99974454256337,0.009264067907601443,1298.9637825916543
439,80,-0.42810250985528825,0.5696622638282758,0.011007602983449442,0.9999344980931719,0.4264067907601444,0.9965459419721807,0.6417973582969655,0.5209144456685539,4.99974454256337,0.009264067907601443,1298.9637825916543
439,81,-0.42810250985528825,0.5696622638282758,0.011007602983449442,0.9999344980931719,0.4264067907601444,0.9965459419721807,0.6417973582969655,0.5209144456685539,4.99974454256337,0.009264067907601443,1298.9637825916543
439,82,-0.42810250985528825,0.5696622638282758,0.011007602983449442,0.9999344980931719,0.4264067907601444,0.9965459419721808,0.6417973582969655,0.5209144456685539,4.99974454256337,0.009264067907601443,1298.9637825916543
439,83,-0.42810250985528825,0.5696622638282758,0.011007602983449442,0.9999344980931719,0.4264067907601444,0.9965459419721807,0.6417973582969655,0.5209144456685539,4.99974454256337,0.009264067907601443,1298.9637825916543
439,84,-0.42810250985528825,0.5696622638282758,0.011007602983449442,0.9999344980931719,0.4264067907601444,0.9965459419721807,0.6417973582969655,0.5209144456685539,4.99974454256337,0.009264067907601443,1298.9637825916543
439,85,-0.42810250985528825,0.5696622638282758,0.011007602983449442,0.9999344980931719,0.4264067907601444,0.9965459419721807,0.6417973582969655,0.5209144456685539,4.99974454256337,0.009264067907601443,1298.9637825916543
439,86,-0.42810250985528825,0.5696622638282758,0.011007602983449442,0.9999344980931719,0.4264067907601444,0.9965459419721807,0.6417973582969655,0.5209144456685539,4.99974454256337,0.009264067907601443,1298.9637825916543
439,87,-0.42810250985528825,0.5696622638282758,0.011007602983449442,0.9999344980931719,0.4264067907601444,0.9965459419721807,0.6417973582969655,0.5209144456685539,4.99974454256337,0.009264067907601443,1298.9637825916543
439,88,-0.42810250985528825,0.5696622638282758,0.011007602983449442,0.9999344980931719,0.4264067907601444,0.9965459419721807,0.6417973582969655,0.5209144456685539,4.99974454256337,0.009264067907601443,1298.9637825916543
439,89,-0.42810250985528825,0.5696622638282758,0.011007602983449442,0.9999344980931719,0.4264067907601444,0.9965459419721807,0.6417973582969655,0.5209144456685539,4.99974454256337,0.009264067907601443,1298.9637825916543
439,90,-0.42810250985528825,0.5696622638282758,0.011007602983449442,0.9999344980931719,0.4264067907601444,0.9965459419721807,0.6417973582969655,0.5209144456685539,4.99974454256337,0.009264067907601443,1298.9637825916543
439,91,-0.42810250985528825,0.5696622638282758,0.011007602983449442,0.9999344980931719,0.4264067907601444,0.9965459419721807,0.6417973582969655,0.5209144456685539,4.99974454256337,0.009264067907601443,1298.9637825916543
439,92,-0.42810250985528825,0.5696622638282758,0.011007602983449442,0.9999344980931719,0.4264067907601444,0.9965459419721807,0.6417973582969655,0.5209144456685539,4.99974454256337,0.009264067907601443,1298.9637825916543
439,93,-0.42810250985528825,0.5696622638282758,0.011007602983449442,0.9999344980931719,0.4264067907601444,0.9965459419721807,0.6417973582969655,0.5209144456685539,4.99974454256337,0.009264067907601443,1298.9637825916543
439,94,-0.42810250985528825,0.5696622638282758,0.011007602983449442,0.9999344980931719,0.4264067907601444,0.9965459419721807,0.6417973582969655,0.5209144456685539,4.99974454256337,0.009264067907601443,1298.9637825916543
439,95,-0.42810250985528825,0.5696622638282758,0.011007602983449442,0.9999344980931719,0.4264067907601444,0.9965459419721807,0.6417973582969655,0.5209144456685539,4.99974454256337,0.009264067907601443,1298.9637825916543
439,96,-0.42810250985528825,0.5696622638282758,0.011007602983449442,0.9999344980931719,0.4264067907601444,0.9965459419721807,0.6417973582969655,0.5209144456685539,4.99974454256337,0.009264067907601443,1298.9637825916543
439,97,-0.42810250985528825,0.5696622638282758,0.011007602983449442,0.9999344980931719,0.4264067907601444,0.9965459419721807,0.6417973582969655,0.5209144456685539,4.99974454256337,0.009264067907601443,1298.9637825916543
439,98,-0.42810250985528825,0.5696622638282758,0.011007602983449442,0.9999344980931719,0.4264067907601444,0.9965459419721807,0.6417973582969655,0.5209144456685539,4.99974454256337,0.009264067907601443,1298.9637825916543
439,99,-0.42810250985528825,0.5696622638282758,0.011007602983449442,0.9999344980931719,0.4264067907601444,0.9965459419721807,0.6417973582969655,0.5209144456685539,4.99974454256337,0.009264067907601443,1298.9637825916543
439,100,-0.42810250985528825,0.5696622638282758,0.011007602983449442,0.9999344980931719,0.4264067907601444,0.9965459419721807,0.6417973582969655,0.5209144456685539,4.99974454256337,0.009264067907601443,1298.9637825916543
439,101,-0.42810250985528825,0.5696622638282758,0.011007602983449442,0.9999344980931719,0.4264067907601444,0.9965459419721807,0.6417973582969655,0.5209144456685539,4.99974454256337,0.009264067907601443,1298.9637825916543
439,102,-0.26910105855856636,0.5706537692149812,0.5,1.0,0.015,1.0,0.6423922615289888,1.45,5.0,0.00515,1300.0
439,103,-0.42810250985528825,0.5696622638282758,0.011007602983449442,0.9999344980931719,0.4264067907601444,0.9965459419721807,0.6417973582969655,0.5209144456685539,4.99974454256337,0.009264067907601443,1298.9637825916543
439,104,-0.42810250985528825,0.5696622638282758,0.011007602983449442,0.9999344980931719,0.4264067907601444,0.9965459419721807,0.6417973582969655,0.5209144456685539,4.99974454256337,0.009264067907601443,1298.9637825916543
439,105,-0.42810250985528825,0.5696622638282758,0.011007602983449442,0.9999344980931719,0.4264067907601444,0.9965459419721807,0.6417973582969655,0.5209144456685539,4.99974454256337,0.009264067907601443,1298.9637825916543
439,106,-0.42810250985528825,0.5696622638282758,0.011007602983449442,0.9999344980931719,0.4264067907601444,0.9965459419721807,0.6417973582969655,0.5209144456685539,4.99974454256337,0.009264067907601443,1298.9637825916543
439,107,-0.42810250985528825,0.5696622638282758,0.011007602983449442,0.9999344980931719,0.4264067907601444,0.9965459419721807,0.6417973582969655,0.5209144456685539,4.99974454256337,0.009264067907601443,1298.9637825916543
439,108,-0.42810250985528825,0.5696622638282758,0.011007602983449442,0.9999344980931719,0.4264067907601444,0.9965459419721807,0.6417973582969655,0.5209144456685539,4.99974454256337,0.009264067907601443,1298.9637825916543
439,109,-0.42810250985528825,0.5696622638282758,0.011007602983449442,0.9999344980931719,0.4264067907601444,0.9965459419721807,0.6417973582969655,0.5209144456685539,4.99974454256337,0.009264067907601443,1298.9637825916543
439,110,-0.42810250985528825,0.5696622638282758,0.011007602983449442,0.9999344980931719,0.4264067907601444,0.9965459419721807,0.6417973582969655,0.5209144456685539,4.99974454256337,0.009264067907601443,1298.9637825916543
439,111,-0.42810250985528825,0.5696622638282758,0.011007602983449442,0.9999344980931719,0.4264067907601444,0.9965459419721807,0.6417973582969655,0.5209144456685539,4.99974454256337,0.009264067907601443,1298.9637825916543
439,112,-0.42810250985528825,0.5696622638282758,0.011007602983449442,0.9999344980931719,0.4264067907601444,0.9965459419721807,0.6417973582969655,0.5209144456685539,4.99974454256337,0.009264067907601443,1298.9637825916543
439,113,-0.42810250985528825,0.5696622638282758,0.011007602983449442,0.9999344980931719,0.4264067907601444,0.9965459419721807,0.6417973582969655,0.5209144456685539,4.99974454256337,0.009264067907601443,1298.9637825916543
439,114,-0.42810250985528825,0.5696622638282758,0.011007602983449442,0.9999344980931719,0.4264067907601444,0.9965459419721807,0.6417973582969655,0.5209144456685539,4.99974454256337,0.009264067907601443,1298.9637825916543
439,115,-0.42810250985528825,0.5696622638282758,0.011007602983449442,0.9999344980931719,0.4264067907601444,0.9965459419721807,0.6417973582969655,0.5209144456685539,4.99974454256337,0.009264067907601443,1298.9637825916543
439,116,-0.42810250985528825,0.5696622638282758,0.011007602983449442,0.9999344980931719,0.4264067907601444,0.9965459419721807,0.6417973582969655,0.5209144456685539,4.99974454256337,0.009264067907601443,1298.9637825916543
439,117,-0.42810250985528825,0.5696622638282758,0.011007602983449442,0.9999344980931719,0.4264067907601444,0.9965459419721807,0.6417973582969655,0.5209144456685539,4.99974454256337,0.009264067907601443,1298.9637825916543
439,118,-0.42810250985528825,0.5696622638282758,0.011007602983449442,0.9999344980931719,0.4264067907601444,0.9965459419721807,0.6417973582969655,0.5209144456685539,4.99974454256337,0.009264067907601443,1298.9637825916543
439,119,-0.42810250985528825,0.5696622638282758,0.011007602983449442,0.9999344980931719,0.4264067907601444,0.9965459419721807,0.6417973582969655,0.5209144456685539,4.99974454256337,0.009264067907601443,1298.9637825916543
439,120,-0.42810250985528825,0.5696622638282758,0.011007602983449442,0.9999344980931719,0.4264067907601444,0.9965459419721807,0.6417973582969655,0.5209144456685539,4.99974454256337,0.009264067907601443,1298.9637825916543
439,121,-0.42810250985528825,0.5696622638282758,0.011007602983449442,0.9999344980931719,0.4264067907601444,0.9965459419721807,0.6417973582969655,0.5209144456685539,4.99974454256337,0.009264067907601443,1298.9637825916543
439,122,-0.28531056238782027,0.6309992559426167,0.5,1.0,0.015,1.0,0.6785995535655701,1.45,5.0,0.00515,1300.0
439,123,-0.42810250985528825,0.5696622638282758,0.011007602983449442,0.9999344980931719,0.4264067907601444,0.9965459419721807,0.6417973582969655,0.5209144456685539,4.99974454256337,0.009264067907601443,1298.9637825916543
439,124,-0.42810250985528825,0.5696622638282758,0.011007602983449442,0.9999344980931719,0.4264067907601444,0.9965459419721807,0.6417973582969655,0.5209144456685539,4.99974454256337,0.009264067907601443,1298.9637825916543
439,125,-0.42810250985528825,0.5696622638282758,0.011007602983449442,0.9999344980931719,0.4264067907601444,0.9965459419721807,0.6417973582969655,0.5209144456685539,4.99974454256337,0.009264067907601443,1298.9637825916543
439,126,-0.42810250985528825,0.5696622638282758,0.011007602983449442,0.9999344980931719,0.4264067907601444,0.9965459419721807,0.6417973582969655,0.5209144456685539,4.99974454256337,0.009264067907601443,1298.9637825916543
439,127,-0.42810250985528825,0.5696622638282758,0.011007602983449442,0.9999344980931719,0.4264067907601444,0.9965459419721807,0.6417973582969655,0.5209144456685539,4.99974454256337,0.009264067907601443,1298.9637825916543
439,128,-0.42810250985528825,0.5696622638282758,0.011007602983449442,0.9999344980931719,0.4264067907601444,0.9965459419721807,0.6417973582969655,0.5209144456685539,4.99974454256337,0.009264067907601443,1298.9637825916543
439,129,-0.42810250985528825,0.5696622638282758,0.011007602983449442,0.9999344980931719,0.4264067907601444,0.9965459419721807,0.6417973582969655,0.5209144456685539,4.99974454256337,0.009264067907601443,1298.9637825916543
439,130,-0.42810250985528825,0.5696622638282758,0.011007602983449442,0.9999344980931719,0.4264067907601444,0.9965459419721807,0.6417973582969655,0.5209144456685539,4.99974454256337,0.009264067907601443,1298.9637825916543
439,131,-0.42810250985528825,0.5696622638282758,0.011007602983449442,0.9999344980931719,0.4264067907601444,0.9965459419721807,0.6417973582969655,0.5209144456685539,4.99974454256337,0.009264067907601443,1298.9637825916543
439,132,-0.42810250985528825,0.5696622638282758,0.011007602983449442,0.9999344980931719,0.4264067907601444,0.9965459419721807,0.6417973582969655,0.5209144456685539,4.99974454256337,0.009264067907601443,1298.9637825916543
439,133,-0.42810250985528825,0.5696622638282758,0.011007602983449442,0.9999344980931719,0.4264067907601444,0.9965459419721807,0.6417973582969655,0.5209144456685539,4.99974454256337,0.009264067907601443,1298.9637825916543
439,134,-0.42810250985528825,0.5696622638282758,0.011007602983449442,0.9999344980931719,0.4264067907601444,0.9965459419721807,0.6417973582969655,0.5209144456685539,4.99974454256337,0.009264067907601443,1298.9637825916543
439,135,-0.42810250985528825,0.5696622638282758,0.011007602983449442,0.9999344980931719,0.4264067907601444,0.9965459419721807,0.6417973582969655,0.5209144456685539,4.99974454256337,0.009264067907601443,1298.9637825916543
439,136,-0.42810250985528825,0.5696622638282758,0.011007602983449442,0.9999344980931719,0.4264067907601444,0.9965459419721807,0.6417973582969655,0.5209144456685539,4.99974454256337,0.009264067907601443,1298.9637825916543
439,137,-0.42810250985528825,0.5696622638282758,0.011007602983449442,0.9999344980931719,0.4264067907601444,0.9965459419721807,0.6417973582969655,0.5209144456685539,4.99974454256337,0.009264067907601443,1298.9637825916543
439,138,-0.42810250985528825,0.5696622638282758,0.011007602983449442,0.9999344980931719,0.4264067907601444,0.9965459419721807,0.6417973582969655,0.5209144456685539,4.99974454256337,0.009264067907601443,1298.9637825916543
439,139,-0.42810250985528825,0.5696622638282758,0.011007602983449442,0.9999344980931719,0.4264067907601444,0.9965459419721807,0.6417973582969655,0.5209144456685539,4.99974454256337,0.009264067907601443,1298.9637825916543
439,140,-0.42810250985528825,0.5696622638282758,0.011007602983449442,0.9999344980931719,0.4264067907601444,0.9965459419721808,0.6417973582969655,0.5209144456685539,4.99974454256337,0.009264067907601443,1298.9637825916543
439,141,-0.2303313309504338,0.45035868211085106,0.5,1.0,0.015,1.0,0.5702152092665107,1.45,5.0,0.00515,1300.0
439,142,-0.42810250985528825,0.5696622638282758,0.011007602983449442,0.9999344980931719,0.4264067907601444,0.9965459419721807,0.6417973582969655,0.5209144456685539,4.99974454256337,0.009264067907601443,1298.9637825916543
439,143,-0.42810250985528825,0.5696622638282758,0.011007602983449442,0.9999344980931719,0.4264067907601444,0.9965459419721807,0.6417973582969655,0.5209144456685539,4.99974454256337,0.009264067907601443,1298.9637825916543
439,144,-0.42810250985528825,0.5696622638282758,0.011007602983449442,0.9999344980931719,0.4264067907601444,0.9965459419721807,0.6417973582969655,0.5209144456685539,4.99974454256337,0.009264067907601443,1298.9637825916543
439,145,-0.42810250985528825,0.5696622638282758,0.011007602983449442,0.9999344980931719,0.4264067907601444,0.9965459419721807,0.6417973582969655,0.5209144456685539,4.99974454256337,0.009264067907601443,1298.9637825916543
439,146,-0.42810250985528825,0.5696622638282758,0.011007602983449442,0.9999344980931719,0.4264067907601444,0.9965459419721807,0.6417973582969655,0.5209144456685539,4.99974454256337,0.009264067907601443,1298.9637825916543
439,147,-0.42810250985528825,0.5696622638282758,0.011007602983449442,0.9999344980931719,0.4264067907601444,0.9965459419721807,0.6417973582969655,0.5209144456685539,4.99974454256337,0.009264067907601443,1298.9637825916543
439,148,-0.42810250985528825,0.5696622638282758,0.011007602983449442,0.9999344980931719,0.4264067907601444,0.9965459419721807,0.6417973582969655,0.5209144456685539,4.99974454256337,0.009264067907601443,1298.9637825916543
439,149,-0.42810250985528825,0.5696622638282758,0.011007602983449442,0.9999344980931719,0.4264067907601444,0.9965459419721807,0.6417973582969655,0.5209144456685539,4.99974454256337,0.009264067907601443,1298.9637825916543
439,150,-0.42810250985528825,0.5696622638282758,0.011007602983449442,0.9999344980931719,0.4264067907601444,0.9965459419721807,0.6417973582969655,0.5209144456685539,4.99974454256337,0.009264067907601443,1298.9637825916543
439,151,-0.42810250985528825,0.5696622638282758,0.011007602983449442,0.9999344980931719,0.4264067907601444,0.9965459419721807,0.6417973582969655,0.5209144456685539,4.99974454256337,0.009264067907601443,1298.9637825916543
439,152,-0.28483276875241714,0.6290895688254108,0.5,1.0,0.015,1.0,0.6774537412952465,1.45,5.0,0.00515,1300.0
439,153,-0.2820966409412592,0.6183271735079265,0.5,1.0,0.015,1.0,0.670996304104756,1.45,5.0,0.00515,1300.0
439,154,-0.42810250985528825,0.5696622638282758,0.011007602983449442,0.9999344980931719,0.4264067907601444,0.9965459419721807,0.6417973582969655,0.5209144456685539,4.99974454256337,0.009264067907601443,1298.9637825916543
439,155,-0.42810250985528825,0.5696622638282758,0.011007602983449442,0.9999344980931719,0.4264067907601444,0.9965459419721807,0.6417973582969655,0.5209144456685539,4.99974454256337,0.009264067907601443,1298.9637825916543
439,156,-0.42810250985528825,0.5696622638282758,0.011007602983449442,0.9999344980931719,0.4264067907601444,0.9965459419721807,0.6417973582969655,0.5209144456685539,4.99974454256337,0.009264067907601443,1298.9637825916543
439,157,-0.42810250985528825,0.5696622638282758,0.011007602983449442,0.9999344980931719,0.4264067907601444,0.9965459419721807,0.6417973582969655,0.5209144456685539,4.99974454256337,0.009264067907601443,1298.9637825916543
439,158,-0.42810250985528825,0.5696622638282758,0.011007602983449442,0.9999344980931719,0.4264067907601444,0.9965459419721807,0.6417973582969655,0.5209144456685539,4.99974454256337,0.009264067907601443,1298.9637825916543
439,159,-0.42810250985528825,0.5696622638282758,0.011007602983449442,0.9999344980931719,0.4264067907601444,0.9965459419721807,0.6417973582969655,0.5209144456685539,4.99974454256337,0.009264067907601443,1298.9637825916543
439,160,-0.42810250985528825,0.5696622638282758,0.011007602983449442,0.9999344980931719,0.4264067907601444,0.9965459419721807,0.6417973582969655,0.5209144456685539,4.99974454256337,0.009264067907601443,1298.9637825916543
439,161,-0.42810250985528825,0.5696622638282758,0.011007602983449442,0.9999344980931719,0.4264067907601444,0.9965459419721807,0.6417973582969655,0.5209144456685539,4.99974454256337,0.009264067907601443,1298.9637825916543
439,162,-0.42810250985528825,0.5696622638282758,0.011007602983449442,0.9999344980931719,0.4264067907601444,0.9965459419721807,0.6417973582969655,0.5209144456685539,4.99974454256337,0.009264067907601443,1298.9637825916543
439,163,-0.42810250985528825,0.5696622638282758,0.011007602983449442,0.9999344980931719,0.4264067907601444,0.9965459419721807,0.6417973582969655,0.5209144456685539,4.99974454256337,0.009264067907601443,1298.9637825916543
439,164,-0.42810250985528825,0.5696622638282758,0.011007602983449442,0.9999344980931719,0.4264067907601444,0.9965459419721807,0.6417973582969655,0.5209144456685539,4.99974454256337,0.009264067907601443,1298.9637825916543
439,165,-0.42810250985528825,0.5696622638282758,0.011007602983449442,0.9999344980931719,0.4264067907601444,0.9965459419721807,0.6417973582969655,0.5209144456685539,4.99974454256337,0.009264067907601443,1298.9637825916543
439,166,-0.42810250985528825,0.5696622638282758,0.011007602983449442,0.9999344980931719,0.4264067907601444,0.9965459419721807,0.6417973582969655,0.5209144456685539,4.99974454256337,0.009264067907601443,1298.9637825916543
439,167,-0.2579926326528173,0.5334480881550102,0.5,1.0,0.015,1.0,0.6200688528930062,1.45,5.0,0.00515,1300.0
439,168,-0.42810250985528825,0.5696622638282758,0.011007602983449442,0.9999344980931719,0.4264067907601444,0.9965459419721807,0.6417973582969655,0.5209144456685539,4.99974454256337,0.009264067907601443,1298.9637825916543
439,169,-0.42810250985528825,0.5696622638282758,0.011007602983449442,0.9999344980931719,0.4264067907601444,0.9965459419721807,0.6417973582969655,0.5209144456685539,4.99974454256337,0.009264067907601443,1298.9637825916543
439,170,-0.42810250985528825,0.5696622638282758,0.011007602983449442,0.9999344980931719,0.4264067907601444,0.9965459419721807,0.6417973582969655,0.5209144456685539,4.99974454256337,0.009264067907601443,1298.9637825916543
439,171,-0.42810250985528825,0.5696622638282758,0.011007602983449442,0.9999344980931719,0.4264067907601444,0.9965459419721808,0.6417973582969655,0.5209144456685539,4.99974454256337,0.009264067907601443,1298.9637825916543
439,172,-0.42810250985528825,0.5696622638282758,0.011007602983449442,0.9999344980931719,0.4264067907601444,0.9965459419721807,0.6417973582969655,0.5209144456685539,4.99974454256337,0.009264067907601443,1298.9637825916543
439,173,-0.42810250985528825,0.5696622638282758,0.011007602983449442,0.9999344980931719,0.4264067907601444,0.9965459419721807,0.6417973582969655,0.5209144456685539,4.99974454256337,0.009264067907601443,1298.9637825916543
439,174,-0.42810250985528825,0.5696622638282758,0.011007602983449442,0.9999344980931719,0.4264067907601444,0.9965459419721807,0.6417973582969655,0.5209144456685539,4.99974454256337,0.009264067907601443,1298.9637825916543
439,175,-0.42810250985528825,0.5696622638282758,0.011007602983449442,0.9999344980931719,0.4264067907601444,0.9965459419721807,0.6417973582969655,0.5209144456685539,4.99974454256337,0.009264067907601443,1298.9637825916543
439,176,-0.42810250985528825,0.5696622638282758,0.011007602983449442,0.9999344980931719,0.4264067907601444,0.9965459419721807,0.6417973582969655,0.5209144456685539,4.99974454256337,0.009264067907601443,1298.9637825916543
439,177,-0.42810250985528825,0.5696622638282758,0.011007602983449442,0.9999344980931719,0.4264067907601444,0.9965459419721807,0.6417973582969655,0.5209144456685539,4.99974454256337,0.009264067907601443,1298.9637825916543
439,178,-0.42810250985528825,0.5696622638282758,0.011007602983449442,0.9999344980931719,0.4264067907601444,0.9965459419721807,0.6417973582969655,0.5209144456685539,4.99974454256337,0.009264067907601443,1298.9637825916543
439,179,-0.42810250985528825,0.5696622638282758,0.011007602983449442,0.9999344980931719,0.4264067907601444,0.9965459419721807,0.6417973582969655,0.5209144456685539,4.99974454256337,0.009264067907601443,1298.9637825916543
439,180,-0.25878618344691207,0.5360173043419695,0.5,1.0,0.015,1.0,0.6216103826051818,1.45,5.0,0.00515,1300.0
439,181,-0.42810250985528825,0.5696622638282758,0.011007602983449442,0.9999344980931719,0.4264067907601444,0.9965459419721807,0.6417973582969655,0.5209144456685539,4.99974454256337,0.009264067907601443,1298.9637825916543
439,182,-0.42810250985528825,0.5696622638282758,0.011007602983449442,0.9999344980931719,0.4264067907601444,0.9965459419721807,0.6417973582969655,0.5209144456685539,4.99974454256337,0.009264067907601443,1298.9637825916543
439,183,-0.42810250985528825,0.5696622638282758,0.011007602983449442,0.9999344980931719,0.4264067907601444,0.9965459419721807,0.6417973582969655,0.5209144456685539,4.99974454256337,0.009264067907601443,1298.9637825916543
439,184,-0.42810250985528825,0.5696622638282758,0.011007602983449442,0.9999344980931719,0.4264067907601444,0.9965459419721807,0.6417973582969655,0.5209144456685539,4.99974454256337,0.009264067907601443,1298.9637825916543
439,185,-0.42810250985528825,0.5696622638282758,0.011007602983449442,0.9999344980931719,0.4264067907601444,0.9965459419721807,0.6417973582969655,0.5209144456685539,4.99974454256337,0.009264067907601443,1298.9637825916543
439,186,-0.42810250985528825,0.5696622638282758,0.011007602983449442,0.9999344980931719,0.4264067907601444,0.9965459419721808,0.6417973582969655,0.5209144456685539,4.99974454256337,0.009264067907601443,1298.9637825916543
439,187,-0.42810250985528825,0.5696622638282758,0.011007602983449442,0.9999344980931719,0.4264067907601444,0.9965459419721807,0.6417973582969655,0.5209144456685539,4.99974454256337,0.009264067907601443,1298.9637825916543
439,188,-0.42810250985528825,0.5696622638282758,0.011007602983449442,0.9999344980931719,0.4264067907601444,0.9965459419721807,0.6417973582969655,0.5209144456685539,4.99974454256337,0.009264067907601443,1298.9637825916543
439,189,-0.42810250985528825,0.5696622638282758,0.011007602983449442,0.9999344980931719,0.4264067907601444,0.9965459419721807,0.6417973582969655,0.5209144456685539,4.99974454256337,0.009264067907601443,1298.9637825916543
439,190,-0.42810250985528825,0.5696622638282758,0.011007602983449442,0.9999344980931719,0.4264067907601444,0.9965459419721807,0.6417973582969655,0.5209144456685539,4.99974454256337,0.009264067907601443,1298.9637825916543
439,191,-0.42810250985528825,0.5696622638282758,0.011007602983449442,0.9999344980931719,0.4264067907601444,0.9965459419721807,0.6417973582969655,0.5209144456685539,4.99974454256337,0.009264067907601443,1298.9637825916543
439,192,-0.42810250985528825,0.5696622638282758,0.011007602983449442,0.9999344980931719,0.4264067907601444,0.9965459419721807,0.6417973582969655,0.5209144456685539,4.99974454256337,0.009264067907601443,1298.9637825916543
439,193,-0.42810250985528825,0.5696622638282758,0.011007602983449442,0.9999344980931719,0.4264067907601444,0.9965459419721807,0.6417973582969655,0.5209144456685539,4.99974454256337,0.009264067907601443,1298.9637825916543
439,194,-0.42810250985528825,0.5696622638282758,0.011007602983449442,0.9999344980931719,0.4264067907601444,0.9965459419721807,0.6417973582969655,0.5209144456685539,4.99974454256337,0.009264067907601443,1298.9637825916543
439,195,-0.42810250985528825,0.5696622638282758,0.011007602983449442,0.9999344980931719,0.4264067907601444,0.9965459419721807,0.6417973582969655,0.5209144456685539,4.99974454256337,0.009264067907601443,1298.9637825916543
439,196,-0.42810250985528825,0.5696622638282758,0.011007602983449442,0.9999344980931719,0.4264067907601444,0.9965459419721807,0.6417973582969655,0.5209144456685539,4.99974454256337,0.009264067907601443,1298.9637825916543
439,197,-0.3193418650827097,0.8081874774442912,0.5,1.0,0.015,1.0,0.7849124864665749,1.45,5.0,0.00515,1300.0
439,198,-0.42810250985528825,0.5696622638282758,0.011007602983449442,0.9999344980931719,0.4264067907601444,0.9965459419721807,0.6417973582969655,0.5209144456685539,4.99974454256337,0.009264067907601443,1298.9637825916543
439,199,-0.42810250985528825,0.5696622638282758,0.011007602983449442,0.9999344980931719,0.4264067907601444,0.9965459419721808,0.6417973582969655,0.5209144456685539,4.99974454256337,0.009264067907601443,1298.9637825916543
