iteration,candidate_index,objective,phi_n,u_avg_n,ar_n,lt_1_n,a_0_n,phi,u_avg,ar,lt_1,a_0
318,0,-0.43009673263208426,0.5665732219698466,0.008478309009929793,0.9999113818532809,0.6114814356791083,0.9999723559501259,0.639943933181908,0.5161087871188667,4.999654389227795,0.011114814356791082,1299.9917067850379
318,1,-0.43009673263208426,0.5665732219698466,0.008478309009929793,0.9999113818532809,0.6114814356791083,0.9999723559501259,0.639943933181908,0.5161087871188667,4.999654389227795,0.011114814356791082,1299.9917067850379
318,2,-0.27671209468981595,0.5979377137137779,0.5,1.0,0.015,1.0,0.6587626282282668,1.45,5.0,0.00515,1300.0
318,3,-0.43009673263208426,0.5665732219698466,0.008478309009929793,0.9999113818532808,0.6114814356791083,0.9999723559501259,0.639943933181908,0.5161087871188667,4.9996543892277945,0.011114814356791082,1299.9917067850379
318,4,-0.43009673263208426,0.5665732219698466,0.008478309009929793,0.999911381853281,0.6114814356791083,0.9999723559501259,0.639943933181908,0.5161087871188667,4.999654389227796,0.011114814356791082,1299.9917067850379
318,5,-0.43009673263208426,0.5665732219698466,0.008478309009929793,0.9999113818532808,0.6114814356791083,0.9999723559501259,0.639943933181908,0.5161087871188667,4.9996543892277945,0.011114814356791082,1299.9917067850379
318,6,-0.43009673263208426,0.5665732219698466,0.008478309009929793,0.9999113818532809,0.6114814356791083,0.9999723559501259,0.639943933181908,0.5161087871188667,4.999654389227795,0.011114814356791082,1299.9917067850379
318,7,-0.43009673263208426,0.5665732219698466,0.008478309009929793,0.9999113818532808,0.6114814356791083,0.9999723559501259,0.639943933181908,0.5161087871188667,4.9996543892277945,0.011114814356791082,1299.9917067850379
318,8,-0.43009673263208426,0.5665732219698466,0.008478309009929793,0.999911381853281,0.6114814356791083,0.9999723559501259,0.639943933181908,0.5161087871188667,4.999654389227796,0.011114814356791082,1299.9917067850379
318,9,-0.43009673263208426,0.5665732219698466,0.008478309009929793,0.999911381853281,0.6114814356791083,0.9999723559501259,0.639943933181908,0.5161087871188667,4.999654389227796,0.011114814356791082,1299.9917067850379
318,10,-0.43009673263208426,0.5665732219698466,0.008478309009929793,0.9999113818532809,0.6114814356791083,0.9999723559501259,0.639943933181908,0.5161087871188667,4.999654389227795,0.011114814356791082,1299.9917067850379
318,11,-0.43009673263208426,0.5665732219698466,0.008478309009929793,0.999911381853281,0.6114814356791083,0.9999723559501259,0.639943933181908,0.5161087871188667,4.999654389227796,0.011114814356791082,1299.9917067850379
318,12,-0.43009673263208426,0.5665732219698466,0.008478309009929793,0.999911381853281,0.6114814356791083,0.9999723559501259,0.639943933181908,0.5161087871188667,4.999654389227796,0.011114814356791082,1299.9917067850379
318,13,-0.43009673263208426,0.5665732219698466,0.008478309009929793,0.999911381853281,0.6114814356791083,0.9999723559501259,0.639943933181908,0.5161087871188667,4.999654389227796,0.011114814356791082,1299.9917067850379
318,14,-0.43009673263208426,0.5665732219698466,0.008478309009929793,0.9999113818532808,0.6114814356791083,0.9999723559501259,0.639943933181908,0.5161087871188667,4.9996543892277945,0.011114814356791082,1299.9917067850379
318,15,-0.43009673263208426,0.5665732219698466,0.008478309009929793,0.9999113818532808,0.6114814356791083,0.9999723559501259,0.639943933181908,0.5161087871188667,4.9996543892277945,0.011114814356791082,1299.9917067850379
318,16,-0.27694010189660306,0.5987814777003923,0.5,1.0,0.015,1.0,0.6592688866202354,1.45,5.0,0.00515,1300.0
318,17,-0.43009673263208426,0.5665732219698465,0.008478309009929793,0.9999113818532808,0.6114814356791083,0.9999723559501259,0.6399439331819079,0.5161087871188667,4.9996543892277945,0.011114814356791082,1299.9917067850379
318,18,-0.43009673263208426,0.5665732219698465,0.008478309009929793,0.9999113818532808,0.6114814356791083,0.9999723559501258,0.6399439331819079,0.5161087871188667,4.9996543892277945,0.011114814356791082,1299.9917067850379
318,19,-0.43009673263208426,0.5665732219698466,0.008478309009929793,0.9999113818532808,0.6114814356791083,0.9999723559501259,0.639943933181908,0.5161087871188667,4.9996543892277945,0.011114814356791082,1299.9917067850379
318,20,-0.43009673263208426,0.5665732219698466,0.008478309009929793,0.999911381853281,0.6114814356791083,0.9999723559501259,0.639943933181908,0.5161087871188667,4.999654389227796,0.011114814356791082,1299.9917067850379
318,21,-0.43009673263208426,0.5665732219698466,0.008478309009929793,0.999911381853281,0.6114814356791083,0.9999723559501259,0.639943933181908,0.5161087871188667,4.999654389227796,0.011114814356791082,1299.9917067850379
318,22,-0.43009673263208426,0.5665732219698466,0.008478309009929793,0.9999113818532808,0.6114814356791083,0.9999723559501258,0.639943933181908,0.5161087871188667,4.9996543892277945,0.011114814356791082,1299.9917067850379
318,23,-0.43009673263208426,0.5665732219698466,0.008478309009929793,0.9999113818532808,0.6114814356791083,0.9999723559501259,0.639943933181908,0.5161087871188667,4.9996543892277945,0.011114814356791082,1299.9917067850379
318,24,-0.43009673263208426,0.5665732219698466,0.008478309009929793,0.999911381853281,0.6114814356791083,0.9999723559501259,0.639943933181908,0.5161087871188667,4.999654389227796,0.011114814356791082,1299.9917067850379
318,25,-0.43009673263208426,0.5665732219698466,0.008478309009929793,0.9999113818532808,0.6114814356791083,0.9999723559501259,0.639943933181908,0.5161087871188667,4.9996543892277945,0.011114814356791082,1299.9917067850379
318,26,-0.43009673263208426,0.5665732219698466,0.008478309009929793,0.9999113818532809,0.6114814356791083,0.9999723559501259,0.639943933181908,0.5161087871188667,4.999654389227795,0.011114814356791082,1299.9917067850379
318,27,-0.43009673263208426,0.5665732219698466,0.008478309009929793,0.9999113818532808,0.6114814356791083,0.9999723559501259,0.639943933181908,0.5161087871188667,4.9996543892277945,0.011114814356791082,1299.9917067850379
318,28,-0.43009673263208426,0.5665732219698466,0.008478309009929793,0.9999113818532808,0.6114814356791083,0.9999723559501259,0.639943933181908,0.5161087871188667,4.9996543892277945,0.011114814356791082,1299.9917067850379
318,29,-0.43009673263208426,0.5665732219698466,0.008478309009929793,0.9999113818532808,0.6114814356791083,0.9999723559501258,0.639943933181908,0.5161087871188667,4.9996543892277945,0.011114814356791082,1299.9917067850379
318,30,-0.31380740830756293,0.7704332837726078,0.5,1.0,0.015,1.0,0.7622599702635647,1.45,5.0,0.00515,1300.0
318,31,-0.43009673263208426,0.5665732219698466,0.008478309009929793,0.999911381853281,0.6114814356791083,0.9999723559501259,0.639943933181908,0.5161087871188667,4.999654389227796,0.011114814356791082,1299.9917067850379
318,32,-0.43009673263208426,0.5665732219698466,0.008478309009929793,0.999911381853281,0.6114814356791083,0.9999723559501259,0.639943933181908,0.5161087871188667,4.999654389227796,0.011114814356791082,1299.9917067850379
318,33,-0.2501496655003114,0.5086898411883449,0.5,1.0,0.015,1.0,0.605213904713007,1.45,5.0,0.00515,1300.0
318,34,-0.2502625715035715,0.509038576531931,0.5,1.0,0.015,1.0,0.6054231459191586,1.45,5.0,0.00515,1300.0
318,35,-0.43009673263208426,0.5665732219698466,0.008478309009929793,0.9999113818532808,0.6114814356791083,0.9999723559501259,0.639943933181908,0.5161087871188667,4.9996543892277945,0.011114814356791082,1299.9917067850379
318,36,-0.43009673263208426,0.5665732219698466,0.008478309009929793,0.9999113818532808,0.6114814356791083,0.9999723559501259,0.639943933181908,0.5161087871188667,4.9996543892277945,0.011114814356791082,1299.9917067850379
318,37,-0.43009673263208426,0.5665732219698466,0.008478309009929793,0.9999113818532808,0.6114814356791083,0.9999723559501259,0.639943933181908,0.5161087871188667,4.9996543892277945,0.011114814356791082,1299.9917067850379
318,38,-0.43009673263208426,0.5665732219698466,0.008478309009929793,0.9999113818532808,0.6114814356791083,0.9999723559501259,0.639943933181908,0.5161087871188667,4.9996543892277945,0.011114814356791082,1299.9917067850379
318,39,-0.43009673263208426,0.5665732219698466,0.008478309009929793,0.9999113818532808,0.6114814356791083,0.9999723559501259,0.639943933181908,0.5161087871188667,4.9996543892277945,0.011114814356791082,1299.9917067850379
318,40,-0.43009673263208426,0.5665732219698466,0.008478309009929793,0.999911381853281,0.6114814356791083,0.9999723559501259,0.639943933181908,0.5161087871188667,4.999654389227796,0.011114814356791082,1299.9917067850379
318,41,-0.2614879657038732,0.5448608286589887,0.5,1.0,0.015,1.0,0.6269164971953932,1.45,5.0,0.00515,1300.0
318,42,-0.43009673263208426,0.5665732219698466,0.008478309009929793,0.9999113818532809,0.6114814356791083,0.9999723559501259,0.639943933181908,0.5161087871188667,4.999654389227795,0.011114814356791082,1299.9917067850379
318,43,-0.43009673263208426,0.5665732219698466,0.008478309009929793,0.9999113818532808,0.6114814356791083,0.9999723559501259,0.639943933181908,0.5161087871188667,4.9996543892277945,0.011114814356791082,1299.9917067850379
318,44,-0.43009673263208426,0.5665732219698466,0.008478309009929793,0.9999113818532808,0.6114814356791083,0.9999723559501259,0.639943933181908,0.5161087871188667,4.9996543892277945,0.011114814356791082,1299.9917067850379
318,45,-0.25171115085430884,0.5135318495341639,0.5,1.0,0.015,1.0,0.6081191097204983,1.45,5.0,0.00515,1300.0
318,46,-0.43009673263208426,0.5665732219698466,0.008478309009929793,0.9999113818532808,0.6114814356791083,0.9999723559501259,0.639943933181908,0.5161087871188667,4.9996543892277945,0.011114814356791082,1299.9917067850379
318,47,-0.43009673263208426,0.5665732219698466,0.008478309009929793,0.999911381853281,0.6114814356791083,0.9999723559501259,0.639943933181908,0.5161087871188667,4.999654389227796,0.011114814356791082,1299.9917067850379
318,48,-0.43009673263208426,0.5665732219698466,0.008478309009929793,0.9999113818532808,0.6114814356791083,0.9999723559501259,0.639943933181908,0.5161087871188667,4.9996543892277945,0.011114814356791082,1299.9917067850379
318,49,-0.43009673263208426,0.5665732219698466,0.008478309009929793,0.9999113818532809,0.6114814356791083,0.9999723559501259,0.639943933181908,0.5161087871188667,4.999654389227795,0.011114814356791082,1299.9917067850379
318,50,-0.43009673263208426,0.5665732219698466,0.008478309009929793,0.999911381853281,0.6114814356791083,0.9999723559501259,0.639943933181908,0.5161087871188667,4.999654389227796,0.011114814356791082,1299.9917067850379
318,51,-0.43009673263208426,0.5665732219698466,0.008478309009929793,0.9999113818532809,0.6114814356791083,0.9999723559501259,0.639943933181908,0.5161087871188667,4.999654389227795,0.011114814356791082,1299.9917067850379
318,52,-0.43009673263208426,0.5665732219698466,0.008478309009929793,0.9999113818532808,0.6114814356791083,0.9999723559501259,0.639943933181908,0.5161087871188667,4.9996543892277945,0.011114814356791082,1299.9917067850379
318,53,-0.43009673263208426,0.5665732219698466,0.008478309009929793,0.9999113818532809,0.6114814356791083,0.9999723559501259,0.639943933181908,0.5161087871188667,4.999654389227795,0.011114814356791082,1299.9917067850379
318,54,-0.43009673263208426,0.5665732219698466,0.008478309009929793,0.9999113818532808,0.6114814356791083,0.9999723559501259,0.639943933181908,0.5161087871188667,4.9996543892277945,0.011114814356791082,1299.9917067850379
318,55,-0.43009673263208426,0.5665732219698466,0.008478309009929793,0.9999113818532808,0.6114814356791083,0.9999723559501259,0.639943933181908,0.5161087871188667,4.9996543892277945,0.011114814356791082,1299.9917067850379
318,56,-0.43009673263208426,0.5665732219698466,0.008478309009929793,0.999911381853281,0.6114814356791083,0.9999723559501259,0.639943933181908,0.5161087871188667,4.999654389227796,0.011114814356791082,1299.9917067850379
318,57,-0.43009673263208426,0.5665732219698466,0.008478309009929793,0.9999113818532808,0.6114814356791083,0.9999723559501259,0.639943933181908,0.5161087871188667,4.9996543892277945,0.011114814356791082,1299.9917067850379
318,58,-0.43009673263208426,0.5665732219698466,0.008478309009929793,0.9999113818532809,0.6114814356791083,0.9999723559501259,0.639943933181908,0.5161087871188667,4.999654389227795,0.011114814356791082,1299.9917067850379
318,59,-0.43009673263208426,0.5665732219698466,0.008478309009929793,0.9999113818532809,0.6114814356791083,0.9999723559501259,0.639943933181908,0.5161087871188667,4.999654389227795,0.011114814356791082,1299.9917067850379
318,60,-0.43009673263208426,0.5665732219698466,0.008478309009929793,0.9999113818532809,0.6114814356791083,0.9999723559501259,0.639943933181908,0.5161087871188667,4.999654389227795,0.011114814356791082,1299.9917067850379
318,61,-0.43009673263208426,0.5665732219698466,0.008478309009929793,0.9999113818532809,0.6114814356791083,0.9999723559501259,0.639943933181908,0.5161087871188667,4.999654389227795,0.011114814356791082,1299.9917067850379
318,62,-0.2479166618383912,0.5018355873645728,0.5,1.0,0.015,1.0,0.6011013524187436,1.45,5.0,0.00515,1300.0
318,63,-0.43009673263208426,0.5665732219698466,0.008478309009929793,0.999911381853281,0.6114814356791083,0.9999723559501259,0.639943933181908,0.5161087871188667,4.999654389227796,0.011114814356791082,1299.9917067850379
318,64,-0.24905962220004826,0.5053338176398329,0.5,1.0,0.015,1.0,0.6032002905838998,1.45,5.0,0.00515,1300.0
318,65,-0.24266831102223643,0.48603074507714766,0.5,1.0,0.015,1.0,0.5916184470462886,1.45,5.0,0.00515,1300.0
318,66,-0.43009673263208426,0.5665732219698466,0.008478309009929793,0.9999113818532809,0.6114814356791083,0.9999723559501259,0.639943933181908,0.5161087871188667,4.999654389227795,0.011114814356791082,1299.9917067850379
318,67,-0.43009673263208426,0.5665732219698466,0.008478309009929793,0.9999113818532808,0.6114814356791083,0.9999723559501258,0.639943933181908,0.5161087871188667,4.9996543892277945,0.011114814356791082,1299.9917067850379
318,68,-0.43009673263208426,0.5665732219698466,0.008478309009929793,0.999911381853281,0.6114814356791083,0.9999723559501258,0.639943933181908,0.5161087871188667,4.999654389227796,0.011114814356791082,1299.9917067850379
318,69,-0.43009673263208426,0.5665732219698466,0.008478309009929793,0.9999113818532809,0.6114814356791083,0.9999723559501259,0.639943933181908,0.5161087871188667,4.999654389227795,0.011114814356791082,1299.9917067850379
318,70,-0.43009673263208426,0.5665732219698466,0.008478309009929793,0.9999113818532809,0.6114814356791083,0.9999723559501258,0.639943933181908,0.5161087871188667,4.999654389227795,0.011114814356791082,1299.9917067850379
318,71,-0.43009673263208426,0.5665732219698466,0.008478309009929793,0.999911381853281,0.6114814356791083,0.9999723559501259,0.639943933181908,0.5161087871188667,4.999654389227796,0.011114814356791082,1299.9917067850379
318,72,-0.43009673263208426,0.5665732219698466,0.008478309009929793,0.9999113818532809,0.6114814356791083,0.9999723559501259,0.639943933181908,0.5161087871188667,4.999654389227795,0.011114814356791082,1299.9917067850379
318,73,-0.43009673263208426,0.5665732219698466,0.008478309009929793,0.9999113818532809,0.6114814356791083,0.9999723559501259,0.639943933181908,0.5161087871188667,4.999654389227795,0.011114814356791082,1299.9917067850379
318,74,-0.43009673263208426,0.5665732219698466,0.008478309009929793,0.999911381853281,0.6114814356791083,0.9999723559501259,0.639943933181908,0.5161087871188667,4.999654389227796,0.011114814356791082,1299.9917067850379
318,75,-0.43009673263208426,0.5665732219698466,0.008478309009929793,0.999911381853281,0.6114814356791083,0.9999723559501259,0.639943933181908,0.5161087871188667,4.999654389227796,0.011114814356791082,1299.9917067850379
318,76,-0.43009673263208426,0.5665732219698466,0.008478309009929793,0.9999113818532808,0.6114814356791083,0.9999723559501259,0.639943933181908,0.5161087871188667,4.9996543892277945,0.011114814356791082,1299.9917067850379
318,77,-0.43009673263208426,0.5665732219698466,0.008478309009929793,0.9999113818532808,0.6114814356791083,0.9999723559501259,0.639943933181908,0.5161087871188667,4.9996543892277945,0.011114814356791082,1299.9917067850379
318,78,-0.43009673263208426,0.5665732219698466,0.008478309009929793,0.9999113818532808,0.6114814356791083,0.9999723559501259,0.639943933181908,0.5161087871188667,4.9996543892277945,0.011114814356791082,1299.9917067850379
318,79,-0.43009673263208426,0.5665732219698466,0.008478309009929793,0.9999113818532809,0.6114814356791083,0.9999723559501258,0.639943933181908,0.5161087871188667,4.999654389227795,0.011114814356791082,1299.9917067850379
318,80,-0.43009673263208426,0.5665732219698466,0.008478309009929793,0.999911381853281,0.6114814356791083,0.9999723559501259,0.639943933181908,0.5161087871188667,4.999654389227796,0.011114814356791082,1299.9917067850379
318,81,-0.43009673263208426,0.5665732219698466,0.008478309009929793,0.999911381853281,0.6114814356791083,0.9999723559501259,0.639943933181908,0.5161087871188667,4.999654389227796,0.011114814356791082,1299.9917067850379
318,82,-0.25501577080922694,0.5239189959839021,0.5,1.0,0.015,1.0,0.6143513975903413,1.45,5.0,0.00515,1300.0
318,83,-0.43009673263208426,0.5665732219698466,0.008478309009929793,0.9999113818532808,0.6114814356791083,0.9999723559501259,0.639943933181908,0.5161087871188667,4.9996543892277945,0.011114814356791082,1299.9917067850379
318,84,-0.2154730252209491,0.40964007140675673,0.5,1.0,0.015,1.0,0.5457840428440541,1.45,5.0,0.00515,1300.0
318,85,-0.43009673263208426,0.5665732219698466,0.008478309009929793,0.9999113818532808,0.6114814356791083,0.9999723559501259,0.639943933181908,0.5161087871188667,4.9996543892277945,0.011114814356791082,1299.9917067850379
318,86,-0.43009673263208426,0.5665732219698466,0.008478309009929793,0.999911381853281,0.6114814356791083,0.9999723559501259,0.639943933181908,0.5161087871188667,4.999654389227796,0.011114814356791082,1299.9917067850379
318,87,-0.43009673263208426,0.5665732219698466,0.008478309009929793,0.9999113818532808,0.6114814356791083,0.9999723559501259,0.639943933181908,0.5161087871188667,4.9996543892277945,0.011114814356791082,1299.9917067850379
318,88,-0.2706326336910747,0.5760142259739611,0.5,1.0,0.015,1.0,0.6456085355843767,1.45,5.0,0.00515,1300.0
318,89,-0.43009673263208426,0.5665732219698466,0.008478309009929793,0.999911381853281,0.6114814356791083,0.9999723559501259,0.639943933181908,0.5161087871188667,4.999654389227796,0.011114814356791082,1299.9917067850379
318,90,-0.43009673263208426,0.5665732219698466,0.008478309009929793,0.9999113818532809,0.6114814356791083,0.9999723559501259,0.639943933181908,0.5161087871188667,4.999654389227795,0.011114814356791082,1299.9917067850379
318,91,-0.43009673263208426,0.5665732219698466,0.008478309009929793,0.9999113818532809,0.6114814356791083,0.9999723559501259,0.639943933181908,0.5161087871188667,4.999654389227795,0.011114814356791082,1299.9917067850379
318,92,-0.27125152207806374,0.5781979894263971,0.5,1.0,0.015,1.0,0.6469187936558383,1.45,5.0,0.00515,1300.0
318,93,-0.43009673263208426,0.5665732219698466,0.008478309009929793,0.9999113818532808,0.6114814356791083,0.9999723559501259,0.639943933181908,0.5161087871188667,4.9996543892277945,0.011114814356791082,1299.9917067850379
318,94,-0.43009673263208426,0.5665732219698466,0.008478309009929793,0.9999113818532808,0.6114814356791083,0.9999723559501259,0.639943933181908,0.5161087871188667,4.9996543892277945,0.011114814356791082,1299.9917067850379
318,95,-0.43009673263208426,0.5665732219698466,0.008478309009929793,0.9999113818532808,0.6114814356791083,0.9999723559501259,0.639943933181908,0.5161087871188667,4.9996543892277945,0.011114814356791082,1299.9917067850379
318,96,-0.43009673263208426,0.5665732219698466,0.008478309009929793,0.9999113818532808,0.6114814356791083,0.9999723559501259,0.639943933181908,0.5161087871188667,4.9996543892277945,0.011114814356791082,1299.9917067850379
318,97,-0.43009673263208426,0.5665732219698466,0.008478309009929793,0.999911381853281,0.6114814356791083,0.9999723559501259,0.639943933181908,0.5161087871188667,4.999654389227796,0.011114814356791082,1299.9917067850379
318,98,-0.43009673263208426,0.5665732219698466,0.008478309009929793,0.9999113818532809,0.6114814356791083,0.9999723559501258,0.639943933181908,0.5161087871188667,4.999654389227795,0.011114814356791082,1299.9917067850379
318,99,-0.43009673263208426,0.5665732219698466,0.008478309009929793,0.999911381853281,0.6114814356791083,0.9999723559501259,0.639943933181908,0.5161087871188667,4.999654389227796,0.011114814356791082,1299.9917067850379
318,100,-0.43009673263208426,0.5665732219698466,0.008478309009929793,0.999911381853281,0.6114814356791083,0.9999723559501259,0.639943933181908,0.5161087871188667,4.999654389227796,0.011114814356791082,1299.9917067850379
318,101,-0.43009673263208426,0.5665732219698466,0.008478309009929793,0.999911381853281,0.6114814356791083,0.9999723559501259,0.639943933181908,0.5161087871188667,4.999654389227796,0.011114814356791082,1299.9917067850379
318,102,-0.2548632835679987,0.5234353710105917,0.5,1.0,0.015,1.0,0.6140612226063551,1.45,5.0,0.00515,1300.0
318,103,-0.43009673263208426,0.5665732219698466,0.008478309009929793,0.999911381853281,0.6114814356791083,0.9999723559501259,0.639943933181908,0.5161087871188667,4.999654389227796,0.011114814356791082,1299.9917067850379
318,104,-0.43009673263208426,0.5665732219698466,0.008478309009929793,0.9999113818532809,0.6114814356791083,0.9999723559501259,0.639943933181908,0.5161087871188667,4.999654389227795,0.011114814356791082,1299.9917067850379
318,105,-0.43009673263208426,0.5665732219698466,0.008478309009929793,0.9999113818532809,0.6114814356791083,0.9999723559501259,0.639943933181908,0.5161087871188667,4.999654389227795,0.011114814356791082,1299.9917067850379
318,106,-0.43009673263208426,0.5665732219698466,0.008478309009929793,0.999911381853281,0.6114814356791083,0.9999723559501259,0.639943933181908,0.5161087871188667,4.999654389227796,0.011114814356791082,1299.9917067850379
318,107,-0.43009673263208426,0.5665732219698466,0.008478309009929793,0.9999113818532808,0.6114814356791083,0.9999723559501259,0.639943933181908,0.5161087871188667,4.9996543892277945,0.011114814356791082,1299.9917067850379
318,108,-0.43009673263208426,0.5665732219698466,0.008478309009929793,0.9999113818532809,0.6114814356791083,0.9999723559501259,0.639943933181908,0.5161087871188667,4.999654389227795,0.011114814356791082,1299.9917067850379
318,109,-0.43009673263208426,0.5665732219698466,0.008478309009929793,0.9999113818532809,0.6114814356791083,0.9999723559501259,0.639943933181908,0.5161087871188667,4.999654389227795,0.011114814356791082,1299.9917067850379
318,110,-0.43009673263208426,0.5665732219698466,0.008478309009929793,0.999911381853281,0.6114814356791083,0.9999723559501259,0.639943933181908,0.5161087871188667,4.999654389227796,0.011114814356791082,1299.9917067850379
318,111,-0.43009673263208426,0.5665732219698466,0.008478309009929793,0.999911381853281,0.6114814356791083,0.9999723559501259,0.639943933181908,0.5161087871188667,4.999654389227796,0.011114814356791082,1299.9917067850379
318,112,-0.43009673263208426,0.5665732219698466,0.008478309009929793,0.999911381853281,0.6114814356791083,0.9999723559501259,0.639943933181908,0.5161087871188667,4.999654389227796,0.011114814356791082,1299.9917067850379
318,113,-0.43009673263208426,0.5665732219698466,0.008478309009929793,0.9999113818532809,0.6114814356791083,0.9999723559501259,0.639943933181908,0.5161087871188667,4.999654389227795,0.011114814356791082,1299.9917067850379
318,114,-0.43009673263208426,0.5665732219698466,0.008478309009929793,0.999911381853281,0.6114814356791083,0.9999723559501259,0.639943933181908,0.5161087871188667,4.999654389227796,0.011114814356791082,1299.9917067850379
318,115,-0.43009673263208426,0.5665732219698466,0.008478309009929793,0.9999113818532808,0.6114814356791083,0.9999723559501259,0.639943933181908,0.5161087871188667,4.9996543892277945,0.011114814356791082,1299.9917067850379
318,116,-0.43009673263208426,0.5665732219698466,0.008478309009929793,0.999911381853281,0.6114814356791083,0.9999723559501259,0.639943933181908,0.5161087871188667,4.999654389227796,0.011114814356791082,1299.9917067850379
318,117,-0.43009673263208426,0.5665732219698466,0.008478309009929793,0.9999113818532808,0.6114814356791083,0.9999723559501259,0.639943933181908,0.5161087871188667,4.9996543892277945,0.011114814356791082,1299.9917067850379
318,118,-0.29969080176024415,0.6936901319888706,0.5,1.0,0.015,1.0,0.7162140791933225,1.45,5.0,0.00515,1300.0
318,119,-0.43009673263208426,0.5665732219698466,0.008478309009929793,0.999911381853281,0.6114814356791083,0.9999723559501259,0.639943933181908,0.5161087871188667,4.999654389227796,0.011114814356791082,1299.9917067850379
318,120,-0.43009673263208426,0.5665732219698466,0.008478309009929793,0.999911381853281,0.6114814356791083,0.9999723559501259,0.639943933181908,0.5161087871188667,4.999654389227796,0.011114814356791082,1299.9917067850379
318,121,-0.43009673263208426,0.5665732219698466,0.008478309009929793,0.9999113818532808,0.6114814356791083,0.9999723559501259,0.639943933181908,0.5161087871188667,4.9996543892277945,0.011114814356791082,1299.9917067850379
318,122,-0.43009673263208426,0.5665732219698466,0.008478309009929793,0.9999113818532808,0.6114814356791083,0.9999723559501259,0.639943933181908,0.5161087871188667,4.9996543892277945,0.011114814356791082,1299.9917067850379
318,123,-0.43009673263208426,0.5665732219698466,0.008478309009929793,0.999911381853281,0.6114814356791083,0.9999723559501259,0.639943933181908,0.5161087871188667,4.999654389227796,0.011114814356791082,1299.9917067850379
318,124,-0.43009673263208426,0.5665732219698466,0.008478309009929793,0.9999113818532808,0.6114814356791083,0.9999723559501259,0.639943933181908,0.5161087871188667,4.9996543892277945,0.011114814356791082,1299.9917067850379
318,125,-0.43009673263208426,0.5665732219698466,0.008478309009929793,0.999911381853281,0.6114814356791083,0.9999723559501259,0.639943933181908,0.5161087871188667,4.999654389227796,0.011114814356791082,1299.9917067850379
318,126,-0.43009673263208426,0.5665732219698466,0.008478309009929793,0.9999113818532808,0.6114814356791083,0.9999723559501259,0.639943933181908,0.5161087871188667,4.9996543892277945,0.011114814356791082,1299.9917067850379
318,127,-0.43009673263208426,0.5665732219698466,0.008478309009929793,0.9999113818532808,0.6114814356791083,0.9999723559501259,0.639943933181908,0.5161087871188667,4.9996543892277945,0.011114814356791082,1299.9917067850379
318,128,-0.43009673263208426,0.5665732219698466,0.008478309009929793,0.9999113818532808,0.6114814356791083,0.9999723559501259,0.639943933181908,0.5161087871188667,4.9996543892277945,0.011114814356791082,1299.9917067850379
318,129,-0.28146729069029697,0.6158918071841502,0.5,1.0,0.015,1.0,0.6695350843104901,1.45,5.0,0.00515,1300.0
318,130,-0.43009673263208426,0.5665732219698466,0.008478309009929793,0.9999113818532808,0.6114814356791083,0.9999723559501258,0.639943933181908,0.5161087871188667,4.9996543892277945,0.011114814356791082,1299.9917067850379
318,131,-0.43009673263208426,0.5665732219698466,0.008478309009929793,0.9999113818532809,0.6114814356791083,0.9999723559501259,0.639943933181908,0.5161087871188667,4.999654389227795,0.011114814356791082,1299.9917067850379
318,132,-0.43009673263208426,0.5665732219698466,0.008478309009929793,0.9999113818532809,0.6114814356791083,0.9999723559501259,0.639943933181908,0.5161087871188667,4.999654389227795,0.011114814356791082,1299.9917067850379
318,133,-0.43009673263208426,0.5665732219698466,0.008478309009929793,0.999911381853281,0.6114814356791083,0.9999723559501259,0.639943933181908,0.5161087871188667,4.999654389227796,0.011114814356791082,1299.9917067850379
318,134,-0.43009673263208426,0.5665732219698466,0.008478309009929793,0.9999113818532809,0.6114814356791083,0.9999723559501259,0.639943933181908,0.5161087871188667,4.999654389227795,0.011114814356791082,1299.9917067850379
318,135,-0.43009673263208426,0.5665732219698466,0.008478309009929793,0.9999113818532808,0.6114814356791083,0.9999723559501259,0.639943933181908,0.5161087871188667,4.9996543892277945,0.011114814356791082,1299.9917067850379
318,136,-0.43009673263208426,0.5665732219698466,0.008478309009929793,0.9999113818532808,0.6114814356791083,0.9999723559501259,0.639943933181908,0.5161087871188667,4.9996543892277945,0.011114814356791082,1299.9917067850379
318,137,-0.43009673263208426,0.5665732219698466,0.008478309009929793,0.999911381853281,0.6114814356791083,0.9999723559501259,0.639943933181908,0.5161087871188667,4.999654389227796,0.011114814356791082,1299.9917067850379
318,138,-0.43009673263208426,0.5665732219698466,0.008478309009929793,0.9999113818532808,0.6114814356791083,0.9999723559501259,0.639943933181908,0.5161087871188667,4.9996543892277945,0.011114814356791082,1299.9917067850379
318,139,-0.43009673263208426,0.5665732219698466,0.008478309009929793,0.999911381853281,0.6114814356791083,0.9999723559501259,0.639943933181908,0.5161087871188667,4.999654389227796,0.011114814356791082,1299.9917067850379
318,140,-0.43009673263208426,0.5665732219698466,0.008478309009929793,0.9999113818532808,0.6114814356791083,0.9999723559501259,0.639943933181908,0.5161087871188667,4.9996543892277945,0.011114814356791082,1299.9917067850379
318,141,-0.43009673263208426,0.5665732219698466,0.008478309009929793,0.9999113818532808,0.6114814356791083,0.9999723559501259,0.639943933181908,0.5161087871188667,4.9996543892277945,0.011114814356791082,1299.9917067850379
318,142,-0.43009673263208426,0.5665732219698466,0.008478309009929793,0.999911381853281,0.6114814356791083,0.9999723559501259,0.639943933181908,0.5161087871188667,4.999654389227796,0.011114814356791082,1299.9917067850379
318,143,-0.43009673263208426,0.5665732219698466,0.008478309009929793,0.9999113818532808,0.6114814356791083,0.9999723559501258,0.639943933181908,0.5161087871188667,4.9996543892277945,0.011114814356791082,1299.9917067850379
318,144,-0.43009673263208426,0.5665732219698466,0.008478309009929793,0.9999113818532808,0.6114814356791083,0.9999723559501259,0.639943933181908,0.5161087871188667,4.9996543892277945,0.011114814356791082,1299.9917067850379
318,145,-0.43009673263208426,0.5665732219698466,0.008478309009929793,0.999911381853281,0.6114814356791083,0.9999723559501259,0.639943933181908,0.5161087871188667,4.999654389227796,0.011114814356791082,1299.9917067850379
318,146,-0.43009673263208426,0.5665732219698466,0.008478309009929793,0.9999113818532808,0.6114814356791083,0.9999723559501259,0.639943933181908,0.5161087871188667,4.9996543892277945,0.011114814356791082,1299.9917067850379
318,147,-0.43009673263208426,0.5665732219698466,0.008478309009929793,0.9999113818532808,0.6114814356791083,0.9999723559501259,0.639943933181908,0.5161087871188667,4.9996543892277945,0.011114814356791082,1299.9917067850379
318,148,-0.43009673263208426,0.5665732219698466,0.008478309009929793,0.9999113818532808,0.6114814356791083,0.9999723559501259,0.639943933181908,0.5161087871188667,4.9996543892277945,0.011114814356791082,1299.9917067850379
318,149,-0.43009673263208426,0.5665732219698466,0.008478309009929793,0.9999113818532808,0.6114814356791083,0.9999723559501259,0.639943933181908,0.5161087871188667,4.9996543892277945,0.011114814356791082,1299.9917067850379
318,150,-0.43009673263208426,0.5665732219698466,0.008478309009929793,0.9999113818532809,0.6114814356791083,0.9999723559501259,0.639943933181908,0.5161087871188667,4.999654389227795,0.011114814356791082,1299.9917067850379
318,151,-0.43009673263208426,0.5665732219698466,0.008478309009929793,0.9999113818532809,0.6114814356791083,0.9999723559501259,0.639943933181908,0.5161087871188667,4.999654389227795,0.011114814356791082,1299.9917067850379
318,152,-0.43009673263208426,0.5665732219698466,0.008478309009929793,0.9999113818532808,0.6114814356791083,0.9999723559501259,0.639943933181908,0.5161087871188667,4.9996543892277945,0.011114814356791082,1299.9917067850379
318,153,-0.43009673263208426,0.5665732219698466,0.008478309009929793,0.9999113818532808,0.6114814356791083,0.9999723559501259,0.639943933181908,0.5161087871188667,4.9996543892277945,0.011114814356791082,1299.9917067850379
318,154,-0.27463758006785816,0.5903349195672956,0.5,1.0,0.015,1.0,0.6542009517403774,1.45,5.0,0.00515,1300.0
318,155,-0.43009673263208426,0.5665732219698466,0.008478309009929793,0.9999113818532808,0.6114814356791083,0.9999723559501259,0.639943933181908,0.5161087871188667,4.9996543892277945,0.011114814356791082,1299.9917067850379
318,156,-0.43009673263208426,0.5665732219698466,0.008478309009929793,0.9999113818532808,0.6114814356791083,0.9999723559501259,0.639943933181908,0.5161087871188667,4.9996543892277945,0.011114814356791082,1299.9917067850379
318,157,-0.43009673263208426,0.5665732219698466,0.008478309009929793,0.999911381853281,0.6114814356791083,0.9999723559501259,0.639943933181908,0.5161087871188667,4.999654389227796,0.011114814356791082,1299.9917067850379
318,158,-0.43009673263208426,0.5665732219698466,0.008478309009929793,0.999911381853281,0.6114814356791083,0.9999723559501259,0.639943933181908,0.5161087871188667,4.999654389227796,0.011114814356791082,1299.9917067850379
318,159,-0.43009673263208426,0.5665732219698466,0.008478309009929793,0.9999113818532808,0.6114814356791083,0.9999723559501259,0.639943933181908,0.5161087871188667,4.9996543892277945,0.011114814356791082,1299.9917067850379
318,160,-0.43009673263208426,0.5665732219698466,0.008478309009929793,0.9999113818532808,0.6114814356791083,0.9999723559501259,0.639943933181908,0.5161087871188667,4.9996543892277945,0.011114814356791082,1299.9917067850379
318,161,-0.43009673263208426,0.5665732219698466,0.008478309009929793,0.9999113818532808,0.6114814356791083,0.9999723559501259,0.639943933181908,0.5161087871188667,4.9996543892277945,0.011114814356791082,1299.9917067850379
318,162,-0.43009673263208426,0.5665732219698466,0.008478309009929793,0.9999113818532809,0.6114814356791083,0.9999723559501259,0.639943933181908,0.5161087871188667,4.999654389227795,0.011114814356791082,1299.9917067850379
318,163,-0.43009673263208426,0.5665732219698466,0.008478309009929793,0.9999113818532808,0.6114814356791083,0.9999723559501258,0.639943933181908,0.5161087871188667,4.9996543892277945,0.011114814356791082,1299.9917067850379
318,164,-0.43009673263208426,0.5665732219698466,0.008478309009929793,0.999911381853281,0.6114814356791083,0.9999723559501259,0.639943933181908,0.5161087871188667,4.999654389227796,0.011114814356791082,1299.9917067850379
318,165,-0.43009673263208426,0.5665732219698466,0.008478309009929793,0.9999113818532808,0.6114814356791083,0.9999723559501259,0.639943933181908,0.5161087871188667,4.9996543892277945,0.011114814356791082,1299.9917067850379
318,166,-0.266708711225852,0.5624005826101759,0.5,1.0,0.015,1.0,0.6374403495661056,1.45,5.0,0.00515,1300.0
318,167,-0.43009673263208426,0.5665732219698466,0.008478309009929793,0.9999113818532808,0.6114814356791083,0.9999723559501259,0.639943933181908,0.5161087871188667,4.9996543892277945,0.011114814356791082,1299.9917067850379
318,168,-0.43009673263208426,0.5665732219698466,0.008478309009929793,0.9999113818532808,0.6114814356791083,0.9999723559501259,0.639943933181908,0.5161087871188667,4.9996543892277945,0.011114814356791082,1299.9917067850379
318,169,-0.23184087513678264,0.4546232510556543,0.5,1.0,0.015,1.0,0.5727739506333926,1.45,5.0,0.00515,1300.0
318,170,-0.43009673263208426,0.5665732219698466,0.008478309009929793,0.999911381853281,0.6114814356791083,0.9999723559501258,0.639943933181908,0.5161087871188667,4.999654389227796,0.011114814356791082,1299.9917067850379
318,171,-0.43009673263208426,0.5665732219698466,0.008478309009929793,0.9999113818532809,0.6114814356791083,0.9999723559501259,0.639943933181908,0.5161087871188667,4.999654389227795,0.011114814356791082,1299.9917067850379
318,172,-0.43009673263208426,0.5665732219698466,0.008478309009929793,0.999911381853281,0.6114814356791083,0.9999723559501259,0.639943933181908,0.5161087871188667,4.999654389227796,0.011114814356791082,1299.9917067850379
318,173,-0.43009673263208426,0.5665732219698466,0.008478309009929793,0.9999113818532809,0.6114814356791083,0.9999723559501259,0.639943933181908,0.5161087871188667,4.999654389227795,0.011114814356791082,1299.9917067850379
318,174,-0.43009673263208426,0.5665732219698466,0.008478309009929793,0.9999113818532809,0.6114814356791083,0.9999723559501259,0.639943933181908,0.5161087871188667,4.999654389227795,0.011114814356791082,1299.9917067850379
318,175,-0.43009673263208426,0.5665732219698466,0.008478309009929793,0.9999113818532808,0.6114814356791083,0.9999723559501259,0.639943933181908,0.5161087871188667,4.9996543892277945,0.011114814356791082,1299.9917067850379
318,176,-0.43009673263208426,0.5665732219698466,0.008478309009929793,0.9999113818532808,0.6114814356791083,0.9999723559501259,0.639943933181908,0.5161087871188667,4.9996543892277945,0.011114814356791082,1299.9917067850379
318,177,-0.43009673263208426,0.5665732219698466,0.008478309009929793,0.9999113818532808,0.6114814356791083,0.9999723559501259,0.639943933181908,0.5161087871188667,4.9996543892277945,0.011114814356791082,1299.9917067850379
318,178,-0.43009673263208426,0.5665732219698466,0.008478309009929793,0.999911381853281,0.6114814356791083,0.9999723559501259,0.639943933181908,0.5161087871188667,4.999654389227796,0.011114814356791082,1299.9917067850379
318,179,-0.43009673263208426,0.5665732219698466,0.008478309009929793,0.9999113818532808,0.6114814356791083,0.9999723559501259,0.639943933181908,0.5161087871188667,4.9996543892277945,0.011114814356791082,1299.9917067850379
318,180,-0.43009673263208426,0.5665732219698466,0.008478309009929793,0.9999113818532808,0.6114814356791083,0.9999723559501259,0.639943933181908,0.5161087871188667,4.9996543892277945,0.011114814356791082,1299.9917067850379
318,181,-0.43009673263208426,0.5665732219698466,0.008478309009929793,0.9999113818532809,0.6114814356791083,0.9999723559501259,0.639943933181908,0.5161087871188667,4.999654389227795,0.011114814356791082,1299.9917067850379
318,182,-0.43009673263208426,0.5665732219698466,0.008478309009929793,0.9999113818532808,0.6114814356791083,0.9999723559501259,0.639943933181908,0.5161087871188667,4.9996543892277945,0.011114814356791082,1299.9917067850379
318,183,-0.43009673263208426,0.5665732219698466,0.008478309009929793,0.9999113818532808,0.6114814356791083,0.9999723559501259,0.639943933181908,0.5161087871188667,4.9996543892277945,0.011114814356791082,1299.9917067850379
318,184,-0.43009673263208426,0.5665732219698466,0.008478309009929793,0.9999113818532809,0.6114814356791083,0.9999723559501259,0.639943933181908,0.5161087871188667,4.999654389227795,0.011114814356791082,1299.9917067850379
318,185,-0.43009673263208426,0.5665732219698466,0.008478309009929793,0.9999113818532809,0.6114814356791083,0.9999723559501259,0.639943933181908,0.5161087871188667,4.999654389227795,0.011114814356791082,1299.9917067850379
318,186,-0.20989321811720096,0.3948636009782878,0.5,1.0,0.015,1.0,0.5369181605869727,1.45,5.0,0.00515,1300.0
318,187,-0.43009673263208426,0.5665732219698466,0.008478309009929793,0.9999113818532808,0.6114814356791083,0.9999723559501259,0.639943933181908,0.5161087871188667,4.9996543892277945,0.011114814356791082,1299.9917067850379
318,188,-0.43009673263208426,0.5665732219698466,0.008478309009929793,0.9999113818532809,0.6114814356791083,0.9999723559501259,0.639943933181908,0.5161087871188667,4.999654389227795,0.011114814356791082,1299.9917067850379
318,189,-0.43009673263208426,0.5665732219698466,0.008478309009929793,0.9999113818532809,0.6114814356791083,0.9999723559501259,0.639943933181908,0.5161087871188667,4.999654389227795,0.011114814356791082,1299.9917067850379
318,190,-0.43009673263208426,0.5665732219698466,0.008478309009929793,0.9999113818532809,0.6114814356791083,0.9999723559501259,0.639943933181908,0.5161087871188667,4.999654389227795,0.011114814356791082,1299.9917067850379
318,191,-0.43009673263208426,0.5665732219698466,0.008478309009929793,0.9999113818532808,0.6114814356791083,0.9999723559501259,0.639943933181908,0.5161087871188667,4.9996543892277945,0.011114814356791082,1299.9917067850379
318,192,-0.43009673263208426,0.5665732219698466,0.008478309009929793,0.9999113818532808,0.6114814356791083,0.9999723559501259,0.639943933181908,0.5161087871188667,4.9996543892277945,0.011114814356791082,1299.9917067850379
318,193,-0.43009673263208426,0.5665732219698466,0.008478309009929793,0.9999113818532808,0.6114814356791083,0.9999723559501259,0.639943933181908,0.5161087871188667,4.9996543892277945,0.011114814356791082,1299.9917067850379
318,194,-0.43009673263208426,0.5665732219698466,0.008478309009929793,0.9999113818532808,0.6114814356791083,0.9999723559501259,0.639943933181908,0.5161087871188667,4.9996543892277945,0.011114814356791082,1299.9917067850379
318,195,-0.43009673263208426,0.5665732219698466,0.008478309009929793,0.9999113818532808,0.6114814356791083,0.9999723559501259,0.639943933181908,0.5161087871188667,4.9996543892277945,0.011114814356791082,1299.9917067850379
318,196,-0.43009673263208426,0.5665732219698466,0.008478309009929793,0.9999113818532808,0.6114814356791083,0.9999723559501259,0.639943933181908,0.5161087871188667,4.9996543892277945,0.011114814356791082,1299.9917067850379
318,197,-0.43009673263208426,0.5665732219698466,0.008478309009929793,0.9999113818532808,0.6114814356791083,0.9999723559501259,0.639943933181908,0.5161087871188667,4.9996543892277945,0.011114814356791082,1299.9917067850379
318,198,-0.43009673263208426,0.5665732219698466,0.008478309009929793,0.9999113818532809,0.6114814356791083,0.9999723559501259,0.639943933181908,0.5161087871188667,4.999654389227795,0.011114814356791082,1299.9917067850379
318,199,-0.43009673263208426,0.5665732219698466,0.008478309009929793,0.9999113818532809,0.6114814356791083,0.9999723559501259,0.639943933181908,0.5161087871188667,4.999654389227795,0.011114814356791082,1299.9917067850379
