iteration,candidate_index,objective,phi_n,u_avg_n,ar_n,lt_1_n,a_0_n,phi,u_avg,ar,lt_1,a_0
87,0,-0.41418113155388936,0.5937071368809248,0.028719966115315625,0.9626083864008226,0.38670148329722864,0.5831706199844611,0.6562242821285549,0.5545679356190997,4.854172706963208,0.008867014832972286,1174.9511859953384
87,1,-0.41418113153979935,0.5937071372707552,0.02871996612176134,0.9626083863217647,0.3867014884718879,0.5831705965772618,0.6562242823624531,0.5545679356313465,4.854172706654882,0.008867014884718877,1174.9511789731785
87,2,-0.4141811315147731,0.5937071384439094,0.02871996616684994,0.962608386343037,0.38670148688868056,0.5831706029192958,0.6562242830663457,0.5545679357170149,4.854172706737844,0.008867014868886806,1174.9511808757889
87,3,-0.4141811315332147,0.5937071370922653,0.028719966117003476,0.9626083863536126,0.38670148015053923,0.5831706110783478,0.6562242822553592,0.5545679356223066,4.854172706779089,0.008867014801505393,1174.9511833235042
87,4,-0.41418113153634084,0.5937071367652222,0.028719966121583076,0.9626083863556878,0.3867014811062368,0.5831706130630272,0.6562242820591334,0.5545679356310078,4.854172706787182,0.008867014811062368,1174.951183918908
87,5,-0.4141811315379506,0.5937071369111067,0.028719966114527304,0.9626083863680535,0.38670148035898155,0.5831706120232921,0.6562242821466641,0.5545679356176019,4.854172706835408,0.008867014803589816,1174.9511836069876
87,6,-0.4141811315371214,0.5937071367722463,0.02871996612084783,0.9626083863223902,0.3867014815292051,0.5831706182612584,0.6562242820633478,0.5545679356296109,4.854172706657321,0.00886701481529205,1174.9511854783775
87,7,-0.4141811315284297,0.5937071366379405,0.0287199661330466,0.962608386394769,0.38670148155714823,0.5831705988352688,0.6562242819827644,0.5545679356527885,4.854172706939599,0.008867014815571481,1174.9511796505806
87,8,-0.41418113152235325,0.5937071376352999,0.028719966110229114,0.9626083862766874,0.38670148126332526,0.5831706009461431,0.6562242825811799,0.5545679356094353,4.854172706479082,0.008867014812633252,1174.9511802838429
87,9,-0.41418113154448993,0.5937071369231307,0.02871996611287799,0.9626083864534429,0.38670148349826516,0.5831705916887151,0.6562242821538784,0.5545679356144682,4.854172707168427,0.008867014834982652,1174.9511775066146
87,10,-0.41418113153886005,0.5937071366017069,0.028719966114452,0.9626083863230093,0.38670148151502637,0.5831706146603347,0.6562242819610242,0.5545679356174588,4.854172706659736,0.008867014815150263,1174.9511843981004
87,11,-0.4141811315311954,0.5937071374527995,0.02871996611660703,0.9626083864001095,0.38670148053813236,0.583170599474171,0.6562242824716797,0.5545679356215534,4.854172706960426,0.008867014805381324,1174.9511798422513
87,12,-0.4141811315336523,0.5937071368441151,0.02871996612289763,0.9626083864008471,0.38670148098012913,0.5831706022057689,0.6562242821064691,0.5545679356335055,4.854172706963304,0.008867014809801291,1174.9511806617306
87,13,-0.41418113154009406,0.5937071367652222,0.028719966116408334,0.9626083863242638,0.3867014809212041,0.5831706219009051,0.6562242820591334,0.5545679356211758,4.854172706664629,0.00886701480921204,1174.9511865702716
87,14,-0.414181131531407,0.5937071381228032,0.028719966114477927,0.9626083863975674,0.38670148028105444,0.5831706045837542,0.656224282873682,0.5545679356175081,4.8541727069505125,0.008867014802810543,1174.9511813751262
87,15,-0.41418113150986957,0.5937071363622619,0.02871996612559695,0.962608386301963,0.3867014759440084,0.5831706020028303,0.6562242818173571,0.5545679356386342,4.854172706577655,0.008867014759440083,1174.951180600849
87,16,-0.4141811315303857,0.5937071365004705,0.028719966130264795,0.9626083863699062,0.38670148166276325,0.5831706030866288,0.6562242819002824,0.5545679356475031,4.854172706842634,0.008867014816627633,1174.9511809259886
87,17,-0.4141811315164599,0.5937071365494504,0.028719966111611213,0.9626083863465265,0.38670148193498094,0.5831705680974337,0.6562242819296703,0.5545679356120613,4.854172706751453,0.00886701481934981,1174.9511704292302
87,18,-0.4141811315323089,0.5937071382374257,0.028719966110229114,0.9626083863909978,0.38670148272742527,0.5831705939010339,0.6562242829424555,0.5545679356094353,4.854172706924891,0.008867014827274252,1174.9511781703102
87,19,-0.41418113153112,0.5937071367028917,0.02871996613258925,0.9626083864324708,0.3867014810368359,0.583170598602155,0.656224282021735,0.5545679356519195,4.8541727070866365,0.008867014810368359,1174.9511795806466
87,20,-0.41418113151504965,0.5937071375741919,0.028719966128343016,0.9626083862465785,0.3867014809441799,0.5831706101530258,0.6562242825445153,0.5545679356438518,4.854172706361656,0.008867014809441798,1174.9511830459078
87,21,-0.41418113152701613,0.5937071379779975,0.02871996611644381,0.962608386398521,0.3867014795617104,0.5831706007696046,0.6562242827867986,0.5545679356212432,4.854172706954232,0.008867014795617103,1174.9511802308814
87,22,-0.24022496689653744,0.47880938668065426,0.5,1.0,0.015,1.0,0.5872856320083926,1.45,5.0,0.00515,1300.0
87,23,-0.41418113152100255,0.5937071386872439,0.028719966124682195,0.9626083863531475,0.38670148250031805,0.5831705981870321,0.6562242832123464,0.5545679356368962,4.854172706777275,0.00886701482500318,1174.9511794561097
87,24,-0.4141811315258265,0.593707137230892,0.028719966121885484,0.962608386346422,0.3867014817698008,0.5831705978942703,0.6562242823385352,0.5545679356315825,4.854172706751045,0.008867014817698008,1174.9511793682811
87,25,-0.41418113153625474,0.5937071369231307,0.028719966113900913,0.9626083863992738,0.38670148288429296,0.5831705916887151,0.6562242821538784,0.5545679356164117,4.8541727069571685,0.00886701482884293,1174.9511775066146
87,26,-0.4141811315322247,0.5937071378425454,0.028719966123830393,0.9626083863311656,0.3867014831142902,0.5831706116110711,0.6562242827055272,0.5545679356352777,4.854172706691546,0.0088670148311429,1174.9511834833213
87,27,-0.41418113153548286,0.593707137827204,0.02871996611762625,0.9626083863909978,0.38670148272742527,0.5831706022742614,0.6562242826963225,0.5545679356234898,4.854172706924891,0.008867014827274252,1174.9511806822784
87,28,-0.4141811315187086,0.5937071378435151,0.028719966111246012,0.9626083862175874,0.3867014807067489,0.5831706108332033,0.6562242827061091,0.5545679356113674,4.85417270624859,0.008867014807067489,1174.951183249961
87,29,-0.41418113153335656,0.5937071366342626,0.02871996612371864,0.9626083863493973,0.38670148679638755,0.5831705849080281,0.6562242819805576,0.5545679356350655,4.8541727067626494,0.008867014867963876,1174.9511754724085
87,30,-0.4141811315232081,0.5937071365168972,0.028719966123101792,0.9626083863201352,0.38670148180940767,0.583170594105479,0.6562242819101384,0.5545679356338934,4.854172706648527,0.008867014818094076,1174.9511782316438
87,31,-0.41418113154024944,0.5937071367652222,0.028719966111160972,0.9626083863242638,0.3867014809212041,0.5831706178789124,0.6562242820591334,0.5545679356112059,4.854172706664629,0.00886701480921204,1174.9511853636736
87,32,-0.28793335087023103,0.6416533410094971,0.5,1.0,0.015,1.0,0.6849920046056983,1.45,5.0,0.00515,1300.0
87,33,-0.4141811315285788,0.5937071374465424,0.02871996611912321,0.9626083864171596,0.38670147991084225,0.5831705966365247,0.6562242824679254,0.5545679356263341,4.8541727070269225,0.008867014799108421,1174.9511789909575
87,34,-0.4141811315358936,0.5937071367028917,0.028719966122990655,0.9626083864214473,0.38670148154791106,0.583170598602155,0.656224282021735,0.5545679356336822,4.854172707043645,0.00886701481547911,1174.9511795806466
87,35,-0.41418113153508856,0.5937071384314138,0.028719966114616063,0.9626083863508395,0.38670148620718847,0.5831705957898368,0.6562242830588483,0.5545679356177705,4.854172706768274,0.008867014862071884,1174.951178736951
87,36,-0.41418113154144265,0.5937071368900927,0.028719966121892666,0.9626083864210901,0.3867014830895171,0.5831706016299795,0.6562242821340556,0.554567935631596,4.854172707042252,0.00886701483089517,1174.951180488994
87,37,-0.414181131529902,0.5937071369358169,0.028719966123038978,0.9626083863455746,0.386701480224021,0.5831706105095813,0.6562242821614902,0.554567935633774,4.854172706747741,0.00886701480224021,1174.9511831528744
87,38,-0.4141811315327104,0.5937071370458715,0.028719966116508098,0.9626083863611963,0.386701480936365,0.5831706045837542,0.6562242822275229,0.5545679356213654,4.854172706808665,0.00886701480936365,1174.9511813751262
87,39,-0.41418113152624053,0.5937071368573835,0.028719966124485966,0.9626083863273172,0.3867014801120664,0.5831706089339512,0.6562242821144302,0.5545679356365233,4.854172706676537,0.008867014801120664,1174.9511826801854
87,40,-0.41418113152757563,0.5937071367118633,0.028719966122961373,0.9626083863432113,0.38670148008122174,0.5831706059946036,0.656224282027118,0.5545679356336266,4.854172706738524,0.008867014800812216,1174.9511817983812
87,41,-0.41418113152299096,0.5937071368074281,0.02871996612128857,0.9626083863521552,0.3867014807244735,0.5831705931031583,0.6562242820844569,0.5545679356304483,4.854172706773405,0.008867014807244736,1174.9511779309476
87,42,-0.4141811315387378,0.5937071367028917,0.028719966118092584,0.9626083863778054,0.3867014808980457,0.5831706105095813,0.656224282021735,0.5545679356243759,4.854172706873442,0.008867014808980457,1174.9511831528744
87,43,-0.41418113154488906,0.5937071368809248,0.028719966115315625,0.9626083863952488,0.38670148329722864,0.5831706059507616,0.6562242821285549,0.5545679356190997,4.854172706941471,0.008867014832972286,1174.9511817852285
87,44,-0.4141811315373063,0.5937071375642118,0.028719966127358436,0.9626083864004462,0.3867014806945439,0.5831706185499893,0.6562242825385272,0.554567935641981,4.854172706961741,0.008867014806945439,1174.9511855649969
87,45,-0.41418113151981434,0.5937071368264628,0.028719966132877604,0.962608386163174,0.3867014852062185,0.5831706133731531,0.6562242820958777,0.5545679356524674,4.854172706036379,0.008867014852062184,1174.951184011946
87,46,-0.4141811315418009,0.5937071358958023,0.02871996611980234,0.9626083863985524,0.38670148232555296,0.5831706009323185,0.6562242815374815,0.5545679356276244,4.854172706954355,0.00886701482325553,1174.9511802796956
87,47,-0.41418113151506,0.5937071368575921,0.028719966122659254,0.962608386321203,0.38670148437341867,0.5831705710357145,0.6562242821145553,0.5545679356330526,4.854172706652692,0.008867014843734186,1174.9511713107142
87,48,-0.4141811315450564,0.5937071386872439,0.02871996611279009,0.9626083864391903,0.38670148250031805,0.5831706125117881,0.6562242832123464,0.5545679356143012,4.854172707112842,0.00886701482500318,1174.9511837535365
87,49,-0.4141811315302209,0.5937071367652222,0.028719966121486126,0.9626083863140358,0.3867014812618873,0.5831706099249931,0.6562242820591334,0.5545679356308236,4.854172706624739,0.008867014812618873,1174.9511829774979
87,50,-0.26108587285660134,0.5435350476164297,0.5,1.0,0.015,1.0,0.6261210285698579,1.45,5.0,0.00515,1300.0
87,51,-0.4141811315196834,0.5937071367323048,0.028719966139505566,0.9626083863280834,0.38670148079932365,0.58317060610768,0.6562242820393829,0.5545679356650606,4.854172706679526,0.008867014807993236,1174.951181832304
87,52,-0.41418113152237607,0.5937071374457645,0.028719966138985108,0.9626083863633559,0.3867014806945439,0.5831706091711955,0.6562242824674588,0.5545679356640717,4.854172706817089,0.008867014806945439,1174.9511827513586
87,53,-0.41418113152704655,0.5937071386872439,0.028719966124853315,0.9626083864227848,0.3867014826948215,0.5831705944104889,0.6562242832123464,0.5545679356372213,4.8541727070488605,0.008867014826948214,1174.9511783231467
87,54,-0.41418113153674263,0.5937071382374257,0.028719966110229114,0.9626083864074033,0.3867014825329218,0.5831705990862505,0.6562242829424555,0.5545679356094353,4.854172706988873,0.008867014825329218,1174.9511797258751
87,55,-0.4141811315377144,0.5937071371965268,0.028719966118276624,0.9626083864061361,0.386701480955929,0.5831706069144316,0.6562242823179161,0.5545679356247256,4.854172706983931,0.008867014809559289,1174.9511820743294
87,56,-0.41418113152494757,0.5937071370152378,0.02871996612117479,0.9626083863446747,0.38670148056954884,0.5831705999041015,0.6562242822091428,0.5545679356302321,4.854172706744231,0.008867014805695489,1174.9511799712304
87,57,-0.41418113152688874,0.5937071375737822,0.028719966113152237,0.9626083862625912,0.3867014813059604,0.5831706129700563,0.6562242825442695,0.5545679356149893,4.854172706424105,0.008867014813059603,1174.9511838910169
87,58,-0.41418113151426994,0.5937071383832373,0.02871996613758881,0.9626083863349251,0.3867014815009179,0.5831706030865129,0.6562242830299424,0.5545679356614187,4.854172706706208,0.008867014815009178,1174.9511809259538
87,59,-0.4141811315339833,0.5937071362123029,0.02871996613231626,0.9626083864072436,0.38670148181924446,0.5831706009323185,0.6562242817273818,0.554567935651401,4.854172706988249,0.008867014818192444,1174.9511802796956
87,60,-0.41418113154358516,0.5937071376728288,0.028719966122822814,0.9626083864304992,0.3867014824970554,0.5831706125117881,0.6562242826036973,0.5545679356333634,4.854172707078947,0.008867014824970553,1174.9511837535365
87,61,-0.4141811315261981,0.5937071373218468,0.028719966127358436,0.9626083863934407,0.3867014790949685,0.583170606555099,0.6562242823931081,0.554567935641981,4.854172706934419,0.008867014790949684,1174.9511819665297
87,62,-0.24546368821842346,0.49439714077790364,0.5,1.0,0.015,1.0,0.5966382844667422,1.45,5.0,0.00515,1300.0
87,63,-0.4141811315257944,0.5937071378741678,0.028719966120870286,0.9626083863735464,0.38670147919298703,0.5831706079373042,0.6562242827245007,0.5545679356296536,4.854172706856831,0.00886701479192987,1174.9511823811913
87,64,-0.4141811315374422,0.5937071369314966,0.02871996611346414,0.9626083863696808,0.3867014807743642,0.5831706083083963,0.6562242821588979,0.5545679356155818,4.854172706841755,0.008867014807743642,1174.951182492519
87,65,-0.414181131531624,0.5937071367652222,0.028719966121001694,0.9626083863574993,0.3867014807743642,0.5831706058030737,0.6562242820591334,0.5545679356299033,4.854172706794247,0.008867014807743642,1174.951181740922
87,66,-0.41418113153342034,0.5937071372787966,0.02871996611536253,0.9626083863483716,0.386701480936365,0.583170608962689,0.656224282367278,0.5545679356191888,4.85417270675865,0.00886701480936365,1174.9511826888067
87,67,-0.4141811315300315,0.593707136863579,0.028719966151386715,0.9626083863974026,0.38670148238153434,0.5831706139910064,0.6562242821181474,0.5545679356876347,4.85417270694987,0.008867014823815344,1174.951184197302
87,68,-0.41418113151987673,0.593707137261457,0.028719966148652007,0.962608386346126,0.3867014817995589,0.5831706099120618,0.6562242823568742,0.5545679356824388,4.854172706749891,0.008867014817995587,1174.9511829736186
87,69,-0.41418113153839514,0.5937071372049049,0.028719966123751,0.9626083863146538,0.3867014882010942,0.5831705979105462,0.6562242823229429,0.5545679356351269,4.85417270662715,0.008867014882010941,1174.9511793731638
87,70,-0.4141811315229342,0.5937071375139257,0.02871996613637495,0.9626083862349407,0.3867014873443586,0.5831706034237205,0.6562242825083555,0.5545679356591124,4.854172706316269,0.008867014873443586,1174.951181027116
87,71,-0.4141811315217521,0.5937071386872439,0.028719966124853315,0.9626083863722765,0.3867014816070008,0.5831705999056721,0.6562242832123464,0.5545679356372213,4.8541727068518785,0.008867014816070008,1174.9511799717015
87,72,-0.414181131516969,0.5937071375741919,0.028719966136783688,0.9626083863134923,0.38670148043310476,0.5831706098430592,0.6562242825445153,0.554567935659889,4.85417270662262,0.008867014804331047,1174.9511829529179
87,73,-0.24061848002101188,0.47996684614071405,0.5,1.0,0.015,1.0,0.5879801076844284,1.45,5.0,0.00515,1300.0
87,74,-0.4141811315247427,0.5937071376701588,0.028719966120345768,0.962608386380398,0.38670148067443977,0.5831705964200706,0.6562242826020953,0.5545679356286569,4.854172706883553,0.008867014806744396,1174.9511789260212
87,75,-0.4141811315431164,0.5937071365398134,0.028719966114477927,0.9626083864009131,0.38670148197418813,0.5831706045837542,0.6562242819238882,0.5545679356175081,4.854172706963561,0.008867014819741881,1174.9511813751262
87,76,-0.4141811315172683,0.5937071364851707,0.02871996611262985,0.9626083863120587,0.38670148260986403,0.5831705733639998,0.6562242818911025,0.5545679356139968,4.854172706617029,0.00886701482609864,1174.9511720092
87,77,-0.4141811315354653,0.5937071386872439,0.028719966125271494,0.9626083863807343,0.3867014830415426,0.583170615299716,0.6562242832123464,0.5545679356380159,4.854172706884864,0.008867014830415425,1174.9511845899149
87,78,-0.4141811315386374,0.5937071367028917,0.028719966122712732,0.9626083864324708,0.38670148154791106,0.5831706008875547,0.656224282021735,0.5545679356331542,4.8541727070866365,0.00886701481547911,1174.9511802662664
87,79,-0.41418113153113045,0.5937071372312941,0.028719966117162894,0.9626083863408972,0.3867014799031073,0.5831706122270925,0.6562242823387765,0.5545679356226095,4.854172706729499,0.008867014799031073,1174.9511836681277
87,80,-0.41418113153052494,0.5937071381228032,0.0287199661258678,0.9626083863985524,0.38670148098297935,0.5831706091139577,0.656224282873682,0.5545679356391489,4.854172706954355,0.008867014809829793,1174.9511827341873
87,81,-0.2273311909431906,0.44195822767576165,0.5,1.0,0.015,1.0,0.565174936605457,1.45,5.0,0.00515,1300.0
87,82,-0.414181131533045,0.5937071362425821,0.028719966128432407,0.9626083863393031,0.3867014816146356,0.5831706101820084,0.6562242817455493,0.5545679356440216,4.854172706723283,0.008867014816146355,1174.9511830546026
87,83,-0.4141811315154762,0.5937071385529359,0.028719966122659254,0.9626083863900211,0.38670148437341867,0.5831705710357145,0.6562242831317615,0.5545679356330526,4.854172706921082,0.008867014843734186,1174.9511713107142
87,84,-0.41418113151865077,0.5937071369919001,0.02871996614653851,0.9626083863437991,0.38670148250031805,0.5831706015158082,0.6562242821951401,0.5545679356784232,4.854172706740816,0.00886701482500318,1174.9511804547424
87,85,-0.414181131538818,0.5937071366017069,0.028719966114605512,0.9626083863230093,0.38670148152751105,0.5831706146603347,0.6562242819610242,0.5545679356177504,4.854172706659736,0.00886701481527511,1174.9511843981004
87,86,-0.4141811315360328,0.5937071367028917,0.028719966125195506,0.9626083864324708,0.3867014815354264,0.583170598602155,0.656224282021735,0.5545679356378714,4.8541727070866365,0.008867014815354263,1174.9511795806466
87,87,-0.4141811315356911,0.5937071377396781,0.028719966116033717,0.9626083864009131,0.3867014811213818,0.5831706059024504,0.6562242826438069,0.554567935620464,4.854172706963561,0.008867014811213818,1174.951181770735
87,88,-0.4141811315275822,0.5937071368008165,0.028719966122227596,0.962608386326679,0.3867014799692672,0.5831706096800077,0.65622428208049,0.5545679356322324,4.854172706674048,0.008867014799692671,1174.9511829040023
87,89,-0.4141811315288239,0.5937071367801943,0.028719966142764668,0.9626083863390046,0.3867014812081495,0.5831706205664051,0.6562242820681166,0.5545679356712528,4.854172706722117,0.008867014812081495,1174.9511861699216
87,90,-0.41418113153026664,0.5937071369984668,0.028719966137656913,0.9626083863737227,0.38670148121805115,0.5831706137853983,0.6562242821990801,0.5545679356615482,4.8541727068575184,0.008867014812180512,1174.9511841356195
87,91,-0.41418113154009406,0.5937071367652222,0.028719966116408334,0.9626083863242638,0.3867014809212041,0.5831706219009051,0.6562242820591334,0.5545679356211758,4.854172706664629,0.00886701480921204,1174.9511865702716
87,92,-0.41418113154009406,0.5937071367652222,0.028719966116408334,0.9626083863242638,0.3867014809212041,0.5831706219009051,0.6562242820591334,0.5545679356211758,4.854172706664629,0.00886701480921204,1174.9511865702716
87,93,-0.41418113153511704,0.593707137016592,0.028719966126020915,0.9626083863765605,0.38670148250031805,0.5831706063511904,0.6562242822099552,0.5545679356394397,4.854172706868586,0.00886701482500318,1174.951181905357
87,94,-0.41418113153315445,0.5937071374531182,0.028719966122419817,0.9626083864298056,0.3867014781706493,0.5831706123371801,0.6562242824718709,0.5545679356325977,4.854172707076241,0.008867014781706492,1174.9511837011542
87,95,-0.41418113153384084,0.5937071383233707,0.02871996611801009,0.9626083863607264,0.38670148239125246,0.5831706106636814,0.6562242829940225,0.5545679356242191,4.854172706806834,0.008867014823912524,1174.9511831991044
87,96,-0.41418113154409875,0.5937071371290954,0.028719966116266125,0.9626083864064806,0.38670148172370117,0.5831706120301152,0.6562242822774573,0.5545679356209057,4.854172706985274,0.00886701481723701,1174.9511836090346
87,97,-0.4141811315450564,0.5937071386872439,0.02871996611279009,0.9626083864391903,0.38670148250031805,0.5831706125117881,0.6562242832123464,0.5545679356143012,4.854172707112842,0.00886701482500318,1174.9511837535365
87,98,-0.41418113153661396,0.5937071362314801,0.028719966129465972,0.9626083863369221,0.3867014873454312,0.5831705920668219,0.6562242817388881,0.5545679356459854,4.854172706713996,0.008867014873454312,1174.9511776200466
87,99,-0.4141811314997827,0.5937071379481279,0.028719966169361802,0.9626083862979817,0.3867014804373442,0.5831706132581027,0.6562242827688768,0.5545679357217874,4.854172706562129,0.008867014804373442,1174.951183977431
87,100,-0.4141811315312619,0.5937071377398876,0.028719966115945024,0.9626083863920666,0.38670148041349905,0.5831706032082143,0.6562242826439326,0.5545679356202955,4.8541727069290594,0.00886701480413499,1174.9511809624644
87,101,-0.41418113153701724,0.5937071367722463,0.02871996612106191,0.9626083863223902,0.3867014815292051,0.5831706182612584,0.6562242820633478,0.5545679356300176,4.854172706657321,0.00886701481529205,1174.9511854783775
87,102,-0.4141811315326554,0.5937071367652222,0.028719966121272048,0.9626083863446747,0.3867014807743642,0.5831706101820084,0.6562242820591334,0.5545679356304168,4.854172706744231,0.008867014807743642,1174.9511830546026
87,103,-0.4141811315268756,0.5937071365494504,0.028719966112662323,0.9626083862900825,0.38670148193498094,0.583170597108503,0.6562242819296703,0.5545679356140584,4.854172706531322,0.00886701481934981,1174.9511791325508
87,104,-0.4141811315390216,0.5937071367652222,0.028719966117149803,0.9626083863141749,0.38670148119746167,0.5831706213989043,0.6562242820591334,0.5545679356225847,4.854172706625282,0.008867014811974615,1174.9511864196713
87,105,-0.4141811315299821,0.5937071377398876,0.028719966119793387,0.9626083863985524,0.38670148038561036,0.5831706030982584,0.6562242826439326,0.5545679356276074,4.854172706954355,0.008867014803856103,1174.9511809294775
87,106,-0.4141811315317703,0.5937071361612957,0.028719966110229114,0.9626083862243175,0.38670148151478745,0.5831706148166149,0.6562242816967774,0.5545679356094353,4.854172706274838,0.008867014815147874,1174.9511844449844
87,107,-0.32317083367257576,0.838950631500798,0.5,1.0,0.015,1.0,0.8033703789004789,1.45,5.0,0.00515,1300.0
87,108,-0.4141811315446928,0.5937071373507287,0.028719966113050242,0.9626083863883477,0.38670148250031805,0.5831706120184934,0.6562242824104372,0.5545679356147954,4.8541727069145555,0.00886701482500318,1174.951183605548
87,109,-0.4141811315192862,0.59370713748229,0.02871996614157032,0.9626083863536453,0.38670148145590477,0.5831706048429739,0.656224282489374,0.5545679356689837,4.854172706779217,0.008867014814559048,1174.9511814528921
87,110,-0.4141811315304751,0.5937071374663059,0.02871996613232745,0.9626083863449763,0.38670148211309396,0.5831706146811623,0.6562242824797836,0.5545679356514222,4.854172706745407,0.008867014821130939,1174.9511844043486
87,111,-0.4141811315379506,0.5937071369111067,0.028719966114527304,0.9626083863680535,0.38670148035898155,0.5831706120232921,0.6562242821466641,0.5545679356176019,4.854172706835408,0.008867014803589816,1174.9511836069876
87,112,-0.41418113153345004,0.5937071376196748,0.028719966115429263,0.9626083863235824,0.3867014821143116,0.5831706110400179,0.6562242825718049,0.5545679356193156,4.854172706661972,0.008867014821143115,1174.9511833120055
87,113,-0.4141811315407072,0.5937071366017069,0.028719966114452,0.9626083863230093,0.38670148221615236,0.5831706146603347,0.6562242819610242,0.5545679356174588,4.854172706659736,0.008867014822161522,1174.9511843981004
87,114,-0.41418113152851516,0.5937071368256903,0.028719966135450373,0.9626083863631654,0.38670148366429574,0.5831705989853441,0.6562242820954143,0.5545679356573557,4.854172706816345,0.008867014836642957,1174.9511796956033
87,115,-0.4141811315495891,0.5937071354483414,0.028719966123165047,0.9626083863025624,0.3867014889345004,0.5831706024679194,0.6562242812690049,0.5545679356340136,4.854172706579993,0.008867014889345003,1174.9511807403758
87,116,-0.41418113155319436,0.5937071368809248,0.028719966116743406,0.9626083864008226,0.38670148329722864,0.5831706199844611,0.6562242821285549,0.5545679356218125,4.854172706963208,0.008867014832972286,1174.9511859953384
87,117,-0.41418113151321895,0.5937071374615003,0.02871996614157032,0.9626083863536453,0.3867014816849085,0.5831705935078756,0.6562242824769002,0.5545679356689837,4.854172706779217,0.008867014816849084,1174.9511780523626
87,118,-0.41418113153780123,0.5937071384048574,0.028719966112828472,0.9626083864386064,0.38670148126273685,0.5831706039010582,0.6562242830429146,0.5545679356143741,4.854172707110565,0.008867014812627368,1174.9511811703176
87,119,-0.41418113153771186,0.5937071369152874,0.028719966117023515,0.9626083863985524,0.3867014804464015,0.5831706075278048,0.6562242821491725,0.5545679356223446,4.854172706954355,0.008867014804464016,1174.9511822583415
87,120,-0.4141811315323642,0.5937071375898224,0.028719966119178205,0.9626083863242638,0.38670148086041295,0.5831706174713587,0.6562242825538935,0.5545679356264386,4.854172706664629,0.00886701480860413,1174.9511852414075
87,121,-0.4141811315478053,0.5937071366566884,0.028719966120911433,0.962608386420504,0.38670148250031805,0.5831706125117881,0.6562242819940131,0.5545679356297317,4.854172707039965,0.00886701482500318,1174.9511837535365
87,122,-0.41418113152475655,0.5937071379705815,0.0287199661330466,0.9626083864134554,0.38670148155714823,0.5831705988352688,0.656224282782349,0.5545679356527885,4.854172707012475,0.008867014815571481,1174.9511796505806
87,123,-0.4141811315285041,0.5937071366379405,0.0287199661330466,0.9626083863988002,0.38670148141250044,0.5831705988352688,0.6562242819827644,0.5545679356527885,4.854172706955321,0.008867014814125003,1174.9511796505806
87,124,-0.41418113152908237,0.5937071365572364,0.02871996612347094,0.9626083863960122,0.3867014805415275,0.5831705957774895,0.6562242819343419,0.5545679356345948,4.854172706944448,0.008867014805415274,1174.951178733247
87,125,-0.41418113153000324,0.5937071367652222,0.02871996612527862,0.9626083863512382,0.38670148086287787,0.5831706073713564,0.6562242820591334,0.5545679356380294,4.854172706769829,0.008867014808628778,1174.9511822114068
87,126,-0.4141811315254623,0.5937071369489952,0.02871996613047742,0.9626083863246345,0.386701482431013,0.5831706034513613,0.6562242821693972,0.5545679356479071,4.854172706666075,0.00886701482431013,1174.9511810354084
87,127,-0.4141811315276893,0.593707138325638,0.028719966127980185,0.9626083864011482,0.3867014818722042,0.5831706031404595,0.6562242829953828,0.5545679356431623,4.854172706964478,0.008867014818722041,1174.9511809421379
87,128,-0.41418113154579683,0.5937071369995464,0.028719966117856505,0.9626083864328111,0.38670148218526207,0.5831706082065973,0.6562242821997278,0.5545679356239274,4.8541727070879634,0.00886701482185262,1174.9511824619792
87,129,-0.2675275108245819,0.5652092674902224,0.5,1.0,0.015,1.0,0.6391255604941335,1.45,5.0,0.00515,1300.0
87,130,-0.41418113153335656,0.5937071366342626,0.02871996612371864,0.9626083863493973,0.38670148679638755,0.5831705849080281,0.6562242819805576,0.5545679356350655,4.8541727067626494,0.008867014867963876,1174.9511754724085
87,131,-0.41418113153624525,0.5937071367652222,0.02871996612055339,0.9626083863244153,0.3867014802197822,0.5831706219009051,0.6562242820591334,0.5545679356290515,4.854172706665219,0.008867014802197822,1174.9511865702716
87,132,-0.414181131528282,0.5937071368663551,0.028719966118633308,0.9626083863248025,0.38670148095028084,0.5831706044189735,0.6562242821198131,0.5545679356254033,4.85417270666673,0.008867014809502808,1174.951181325692
87,133,-0.4141811315435903,0.5937071369725704,0.028719966118375774,0.9626083864070847,0.3867014822196874,0.5831706094553999,0.6562242821835422,0.554567935624914,4.85417270698763,0.008867014822196874,1174.9511828366199
87,134,-0.4141811315262569,0.5937071386872439,0.028719966113953162,0.9626083863621758,0.3867014806773546,0.5831706045813665,0.6562242832123464,0.554567935616511,4.854172706812486,0.008867014806773545,1174.95118137441
87,135,-0.4141811315370965,0.5937071357868346,0.028719966116871908,0.9626083864003098,0.3867014843029977,0.5831705807934753,0.6562242814721009,0.5545679356220566,4.854172706961208,0.008867014843029977,1174.9511742380425
87,136,-0.4141811315155609,0.5937071374465424,0.028719966113723225,0.962608386317885,0.38670147991084225,0.5831705892070491,0.6562242824679254,0.5545679356160741,4.854172706639751,0.008867014799108421,1174.9511767621148
87,137,-0.4141811315267336,0.5937071369732002,0.0287199661177616,0.9626083862850211,0.386701480295745,0.5831706123150804,0.6562242821839201,0.5545679356237471,4.854172706511582,0.00886701480295745,1174.9511836945242
87,138,-0.4141811315387965,0.5937071372250597,0.028719966116013906,0.9626083863983165,0.38670148130968574,0.5831706070079048,0.6562242823350359,0.5545679356204264,4.854172706953435,0.008867014813096857,1174.9511821023714
87,139,-0.4141811315390216,0.5937071367652222,0.028719966117149803,0.9626083863141749,0.38670148119746167,0.5831706213989043,0.6562242820591334,0.5545679356225847,4.854172706625282,0.008867014811974615,1174.9511864196713
87,140,-0.41418113153506797,0.5937071381228032,0.028719966112438208,0.9626083864009131,0.3867014809735692,0.583170605364323,0.656224282873682,0.5545679356136326,4.854172706963561,0.008867014809735691,1174.9511816092968
87,141,-0.41418113153253533,0.5937071379931467,0.028719966113906564,0.9626083863811119,0.3867014814124051,0.5831706031852484,0.6562242827958881,0.5545679356164225,4.854172706886336,0.00886701481412405,1174.9511809555745
87,142,-0.4141811315437434,0.5937071386872439,0.028719966115487366,0.9626083864391903,0.38670148250031805,0.5831706125117881,0.6562242832123464,0.554567935619426,4.854172707112842,0.00886701482500318,1174.9511837535365
87,143,-0.41418113155159436,0.5937071371285103,0.028719966115749868,0.9626083864226302,0.3867014815245514,0.5831706219922516,0.6562242822771063,0.5545679356199248,4.854172707048258,0.008867014815245513,1174.9511865976756
87,144,-0.2824486436569119,0.6196956859888894,0.5,1.0,0.015,1.0,0.6718174115933336,1.45,5.0,0.00515,1300.0
87,145,-0.4141811315268361,0.5937071371969209,0.028719966120228584,0.9626083863149908,0.38670148272742527,0.5831705997114164,0.6562242823181526,0.5545679356284343,4.854172706628464,0.008867014827274252,1174.951179913425
87,146,-0.41418113151839764,0.5937071369966228,0.02871996611222813,0.9626083862404923,0.3867014799692672,0.5831706038696252,0.6562242821979738,0.5545679356132335,4.85417270633792,0.008867014799692671,1174.9511811608875
87,147,-0.4141811315236228,0.593707136894834,0.028719966123218046,0.9626083862243175,0.38670148204090177,0.5831706147720311,0.6562242821369004,0.5545679356341143,4.854172706274838,0.008867014820409018,1174.9511844316094
87,148,-0.41418113153987807,0.5937071367535571,0.028719966119338518,0.9626083863449763,0.3867014820978307,0.583170614725746,0.6562242820521343,0.5545679356267432,4.854172706745407,0.008867014820978306,1174.9511844177239
87,149,-0.4141811315269902,0.5937071386507844,0.028719966112800848,0.9626083863144034,0.38670148135515003,0.5831706106595668,0.6562242831904707,0.5545679356143216,4.854172706626173,0.0088670148135515,1174.95118319787
87,150,-0.41418113153259783,0.5937071377759772,0.028719966116154995,0.9626083863595998,0.3867014823027331,0.5831706036869536,0.6562242826655864,0.5545679356206945,4.854172706802439,0.00886701482302733,1174.951181106086
87,151,-0.4141811315310278,0.593707138621098,0.028719966127393463,0.9626083864301594,0.38670147895579376,0.5831706177952344,0.6562242831726588,0.5545679356420475,4.8541727070776215,0.008867014789557938,1174.9511853385702
87,152,-0.2744195127299466,0.5895433157475137,0.5,1.0,0.015,1.0,0.6537259894485083,1.45,5.0,0.00515,1300.0
87,153,-0.41418113151454383,0.5937071367865394,0.02871996614654604,0.9626083863566788,0.38670147826037804,0.5831706094300977,0.6562242820719237,0.5545679356784374,4.854172706791047,0.00886701478260378,1174.9511828290292
87,154,-0.41418113152613706,0.5937071370736502,0.02871996614546854,0.9626083863554735,0.38670148253421627,0.583170611427647,0.6562242822441902,0.5545679356763902,4.854172706786347,0.008867014825342162,1174.9511834282941
87,155,-0.28512404475646785,0.6303180348487691,0.5,1.0,0.015,0.9528129359997864,0.6781908209092615,1.45,5.0,0.00515,1285.843880799936
87,156,-0.4142092766684696,0.5937071382374257,0.028719966110229114,0.9626083863909978,0.38670148272742527,0.6303576579012474,0.6562242829424555,0.5545679356094353,4.854172706924891,0.008867014827274252,1189.1072973703742
87,157,-0.4141811315281792,0.5937071368264628,0.028719966118452303,0.962608386163174,0.38670148571578966,0.5831706133731531,0.6562242820958777,0.5545679356250593,4.854172706036379,0.008867014857157896,1174.951184011946
87,158,-0.41418113153214536,0.5937071362632564,0.028719966130264795,0.9626083863699062,0.38670148166276325,0.5831706043105674,0.6562242817579539,0.5545679356475031,4.854172706842634,0.008867014816627633,1174.9511812931703
87,159,-0.414181131509092,0.5937071375853291,0.028719966121714364,0.962608386259343,0.3867014800239994,0.5831705964823155,0.6562242825511975,0.5545679356312573,4.854172706411438,0.008867014800239994,1174.9511789446947
87,160,-0.4141811315269801,0.5937071380549616,0.02871996611318616,0.9626083862956724,0.3867014824317384,0.5831706054139992,0.656224282832977,0.5545679356150537,4.854172706553122,0.008867014824317385,1174.9511816241998
87,161,-0.41418113150052205,0.5937071381228032,0.028719966121403963,0.9626083863536198,0.38670148136204346,0.5831705620052189,0.656224282873682,0.5545679356306675,4.854172706779117,0.008867014813620434,1174.9511686015658
87,162,-0.41418113154413216,0.5937071379893294,0.028719966120911433,0.9626083864391903,0.38670148250031805,0.5831706125117881,0.6562242827935977,0.5545679356297317,4.854172707112842,0.00886701482500318,1174.9511837535365
87,163,-0.41418113151653135,0.5937071373071638,0.028719966121812854,0.9626083863336985,0.3867014803103155,0.5831705916626846,0.6562242823842983,0.5545679356314445,4.854172706701425,0.008867014803103155,1174.9511774988055
87,164,-0.4141811314927053,0.5937071372957856,0.028719966158570708,0.9626083863388539,0.38670148023568574,0.5831705809872612,0.6562242823774714,0.5545679357012844,4.85417270672153,0.008867014802356857,1174.9511742961784
87,165,-0.41418113154413216,0.5937071379893294,0.028719966120911433,0.9626083864391903,0.38670148250031805,0.5831706125117881,0.6562242827935977,0.5545679356297317,4.854172707112842,0.00886701482500318,1174.9511837535365
87,166,-0.2621662545129494,0.547105127898312,0.5,1.0,0.015,1.0,0.6282630767389872,1.45,5.0,0.00515,1300.0
87,167,-0.41418113152163344,0.5937071376095112,0.028719966110261543,0.9626083862879454,0.38670148126332526,0.5831705974458612,0.6562242825657068,0.5545679356094969,4.854172706522988,0.008867014812633252,1174.9511792337585
87,168,-0.4141811315295022,0.5937071375708529,0.028719966120871854,0.9626083863561204,0.38670148275771465,0.5831705995032883,0.6562242825425117,0.5545679356296566,4.854172706788869,0.008867014827577145,1174.9511798509866
87,169,-0.41418113154002856,0.5937071369470005,0.028719966117576472,0.9626083863474107,0.38670148250031805,0.5831706127086662,0.6562242821682003,0.5545679356233952,4.854172706754902,0.00886701482500318,1174.9511838125998
87,170,-0.29425933846365193,0.6686813888169565,0.5,1.0,0.015,1.0,0.7012088332901739,1.45,5.0,0.00515,1300.0
87,171,-0.4141811315162019,0.5937071370147952,0.028719966121333186,0.9626083862554897,0.3867014813590488,0.5831705987724166,0.6562242822088771,0.5545679356305331,4.85417270639641,0.008867014813590488,1174.951179631725
87,172,-0.41418113151519437,0.5937071371203069,0.028719966121196917,0.9626083862599135,0.38670148060028997,0.5831706002533835,0.6562242822721842,0.5545679356302742,4.854172706413663,0.0088670148060029,1174.9511800760151
87,173,-0.4141811315097119,0.5937071364803808,0.0287199661275293,0.9626083862230258,0.38670147887589723,0.5831706061765825,0.6562242818882285,0.5545679356423057,4.8541727062698,0.00886701478875897,1174.9511818529747
87,174,-0.414181131518666,0.5937071378958556,0.028719966125430423,0.9626083863660132,0.3867014792343443,0.5831706011100258,0.6562242827375134,0.5545679356383177,4.854172706827452,0.008867014792343442,1174.9511803330079
87,175,-0.4141811315264363,0.5937071374600841,0.02871996611527934,0.9626083863390349,0.3867014804789103,0.5831706022942329,0.6562242824760505,0.5545679356190307,4.854172706722236,0.008867014804789103,1174.95118068827
87,176,-0.4141811315167518,0.593707137401347,0.02871996611125325,0.9626083862288041,0.3867014823824223,0.5831705948150153,0.6562242824408082,0.5545679356113812,4.854172706292336,0.008867014823824224,1174.9511784445046
87,177,-0.4141811315304167,0.5937071371375173,0.028719966121592045,0.9626083862991155,0.38670148151478745,0.5831706147577828,0.6562242822825104,0.5545679356310249,4.85417270656655,0.008867014815147874,1174.9511844273347
87,178,-0.4141811315330842,0.5937071365108737,0.02871996612096452,0.9626083862701783,0.386701482623945,0.5831706147399944,0.6562242819065243,0.5545679356298325,4.854172706453696,0.00886701482623945,1174.9511844219983
87,179,-0.4141811315285061,0.5937071381682829,0.028719966123428496,0.9626083864100097,0.3867014813848592,0.5831706001242732,0.6562242829009698,0.5545679356345141,4.854172706999037,0.008867014813848592,1174.951180037282
87,180,-0.41418113151506,0.5937071368575921,0.028719966122659254,0.962608386321203,0.38670148437341867,0.5831705710357145,0.6562242821145553,0.5545679356330526,4.854172706652692,0.008867014843734186,1174.9511713107142
87,181,-0.4141811315413373,0.5937071368420328,0.028719966122489084,0.9626083863956975,0.38670148243849006,0.5831706092754951,0.6562242821052198,0.5545679356327292,4.854172706943221,0.0088670148243849,1174.9511827826486
87,182,-0.41418113151620345,0.5937071368394031,0.028719966166708317,0.9626083863475297,0.386701482937217,0.5831706101284193,0.6562242821036419,0.5545679357167458,4.8541727067553655,0.00886701482937217,1174.9511830385259
87,183,-0.4141811315424117,0.5937071376904053,0.028719966112648848,0.9626083863940451,0.38670148151478745,0.5831706136121146,0.6562242826142433,0.5545679356140328,4.854172706936776,0.008867014815147874,1174.9511840836344
87,184,-0.4141811315344152,0.5937071371581342,0.028719966110370355,0.9626083862694628,0.38670148250031805,0.5831706137162884,0.6562242822948805,0.5545679356097036,4.854172706450905,0.00886701482500318,1174.9511841148865
87,185,-0.41418113151763397,0.5937071374978605,0.028719966140511935,0.9626083863731987,0.38670148063606385,0.5831706012399543,0.6562242824987163,0.5545679356669727,4.854172706855475,0.008867014806360637,1174.9511803719863
87,186,-0.4141811315299821,0.5937071377398876,0.028719966119793387,0.9626083863985524,0.38670148038561036,0.5831706030982584,0.6562242826439326,0.5545679356276074,4.854172706954355,0.008867014803856103,1174.9511809294775
87,187,-0.41418113155215747,0.5937071368045457,0.028719966116249326,0.9626083864226302,0.3867014813029936,0.5831706219650603,0.6562242820827274,0.5545679356208737,4.854172707048258,0.008867014813029934,1174.951186589518
87,188,-0.41418113154026737,0.5937071370891869,0.028719966115908876,0.9626083863242638,0.3867014814223536,0.5831706219280963,0.6562242822535121,0.5545679356202269,4.854172706664629,0.008867014814223535,1174.9511865784289
87,189,-0.4141811315251399,0.5937071369598581,0.028719966118285888,0.9626083862602611,0.3867014803900012,0.5831706142471356,0.6562242821759149,0.5545679356247432,4.854172706415018,0.008867014803900012,1174.9511842741406
87,190,-0.41418113152117797,0.5937071387447218,0.028719966118022383,0.9626083863032204,0.38670148074829375,0.5831706106588722,0.6562242832468331,0.5545679356242426,4.85417270658256,0.008867014807482938,1174.9511831976617
87,191,-0.4141811315033391,0.593707136815844,0.028719966140262787,0.9626083863194779,0.38670148437341867,0.5831705657746803,0.6562242820895064,0.5545679356664993,4.854172706645963,0.008867014843734186,1174.9511697324042
87,192,-0.41418113155159436,0.5937071371285103,0.028719966115749868,0.9626083864226302,0.3867014815245514,0.5831706219922516,0.6562242822771063,0.5545679356199248,4.854172707048258,0.008867014815245513,1174.9511865976756
87,193,-0.41418113153537234,0.593707138621098,0.028719966116573622,0.9626083864301594,0.38670147895579376,0.5831706162486823,0.6562242831726588,0.5545679356214899,4.8541727070776215,0.008867014789557938,1174.9511848746047
87,194,-0.4141811315257322,0.5937071361612957,0.02871996612452754,0.9626083862243175,0.38670148151478745,0.583170616363167,0.6562242816967774,0.5545679356366023,4.854172706274838,0.008867014815147874,1174.9511849089502
87,195,-0.41418113150781866,0.5937071365994759,0.028719966128356558,0.962608386300454,0.3867014759440084,0.5831706028288736,0.6562242819596856,0.5545679356438774,4.85417270657177,0.008867014759440083,1174.951180848662
87,196,-0.41418113151404456,0.5937071366138575,0.02871996614837263,0.9626083862980759,0.38670148079932365,0.5831706087126038,0.6562242819683146,0.554567935681908,4.854172706562496,0.008867014807993236,1174.9511826137812
87,197,-0.41418113152509833,0.5937071368411131,0.02871996611987478,0.962608386168309,0.38670148751103955,0.5831706005737647,0.6562242821046679,0.5545679356277621,4.854172706056405,0.008867014875110395,1174.9511801721294
87,198,-0.41418113152773833,0.5937071370839889,0.02871996611383621,0.9626083863058454,0.38670148215831,0.5831705994308043,0.6562242822503934,0.5545679356162888,4.854172706592797,0.0088670148215831,1174.9511798292413
87,199,-0.27298940771470326,0.5843864451136961,0.5,1.0,0.015,1.0,0.6506318670682176,1.45,5.0,0.00515,1300.0
