iteration,candidate_index,objective,phi_n,u_avg_n,ar_n,lt_1_n,a_0_n,phi,u_avg,ar,lt_1,a_0
386,0,-0.407762570255464,0.6252993680775729,0.05309856161255096,0.9923242335038021,0.7500711178824733,0.9970539572751015,0.6751796208465438,0.6008872670638468,4.9700645106648285,0.01250071117882473,1299.1161871825304
386,1,-0.39605918225982867,0.7471225918059722,0.05309856161255096,0.9923242335038021,0.5316918260583762,0.9970539572751014,0.7482735550835833,0.6008872670638468,4.9700645106648285,0.01031691826058376,1299.1161871825304
386,2,-0.29191836309747377,0.655708244475695,0.5,1.0,0.23337929182409714,1.0,0.693424946685417,1.45,5.0,0.0073337929182409715,1300.0
386,3,-0.407762570255464,0.6252993680775729,0.05309856161255096,0.9923242335038021,0.7500711178824733,0.9970539572751014,0.6751796208465438,0.6008872670638468,4.9700645106648285,0.01250071117882473,1299.1161871825304
386,4,-0.407762570255464,0.6252993680775729,0.05309856161255096,0.9923242335038021,0.7500711178824733,0.9970539572751014,0.6751796208465438,0.6008872670638468,4.9700645106648285,0.01250071117882473,1299.1161871825304
386,5,-0.407762570255464,0.6252993680775729,0.05309856161255096,0.9923242335038021,0.7500711178824733,0.9970539572751014,0.6751796208465438,0.6008872670638468,4.9700645106648285,0.01250071117882473,1299.1161871825304
386,6,-0.407762570255464,0.6252993680775729,0.05309856161255096,0.9923242335038021,0.7500711178824733,0.9970539572751014,0.6751796208465438,0.6008872670638468,4.9700645106648285,0.01250071117882473,1299.1161871825304
386,7,-0.407762570255464,0.6252993680775729,0.05309856161255096,0.9923242335038021,0.7500711178824733,0.9970539572751014,0.6751796208465438,0.6008872670638468,4.9700645106648285,0.01250071117882473,1299.1161871825304
386,8,-0.407762570255464,0.6252993680775729,0.05309856161255096,0.9923242335038021,0.7500711178824733,0.9970539572751014,0.6751796208465438,0.6008872670638468,4.9700645106648285,0.01250071117882473,1299.1161871825304
386,9,-0.407762570255464,0.6252993680775729,0.05309856161255096,0.9923242335038021,0.7500711178824733,0.9970539572751014,0.6751796208465438,0.6008872670638468,4.9700645106648285,0.01250071117882473,1299.1161871825304
386,10,-0.407762570255464,0.6252993680775729,0.05309856161255096,0.9923242335038021,0.7500711178824733,0.9970539572751014,0.6751796208465438,0.6008872670638468,4.9700645106648285,0.01250071117882473,1299.1161871825304
386,11,-0.407762570255464,0.6252993680775729,0.05309856161255096,0.9923242335038021,0.7500711178824733,0.9970539572751014,0.6751796208465438,0.6008872670638468,4.9700645106648285,0.01250071117882473,1299.1161871825304
386,12,-0.407762570255464,0.6252993680775729,0.05309856161255096,0.9923242335038021,0.7500711178824733,0.9970539572751014,0.6751796208465438,0.6008872670638468,4.9700645106648285,0.01250071117882473,1299.1161871825304
386,13,-0.407762570255464,0.6252993680775729,0.05309856161255096,0.9923242335038021,0.7500711178824733,0.9970539572751014,0.6751796208465438,0.6008872670638468,4.9700645106648285,0.01250071117882473,1299.1161871825304
386,14,-0.407762570255464,0.6252993680775729,0.05309856161255096,0.9923242335038021,0.7500711178824733,0.9970539572751014,0.6751796208465438,0.6008872670638468,4.9700645106648285,0.01250071117882473,1299.1161871825304
386,15,-0.407762570255464,0.6252993680775729,0.05309856161255096,0.9923242335038021,0.7500711178824733,0.9970539572751014,0.6751796208465438,0.6008872670638468,4.9700645106648285,0.01250071117882473,1299.1161871825304
386,16,-0.407762570255464,0.6252993680775729,0.05309856161255096,0.9923242335038021,0.7500711178824733,0.9970539572751014,0.6751796208465438,0.6008872670638468,4.9700645106648285,0.01250071117882473,1299.1161871825304
386,17,-0.407762570255464,0.6252993680775729,0.05309856161255096,0.9923242335038021,0.7500711178824733,0.9970539572751014,0.6751796208465438,0.6008872670638468,4.9700645106648285,0.01250071117882473,1299.1161871825304
386,18,-0.407762570255464,0.6252993680775729,0.05309856161255096,0.9923242335038021,0.7500711178824733,0.9970539572751014,0.6751796208465438,0.6008872670638468,4.9700645106648285,0.01250071117882473,1299.1161871825304
386,19,-0.407762570255464,0.6252993680775729,0.05309856161255096,0.9923242335038021,0.7500711178824733,0.9970539572751014,0.6751796208465438,0.6008872670638468,4.9700645106648285,0.01250071117882473,1299.1161871825304
386,20,-0.407762570255464,0.6252993680775729,0.05309856161255096,0.9923242335038021,0.7500711178824733,0.9970539572751014,0.6751796208465438,0.6008872670638468,4.9700645106648285,0.01250071117882473,1299.1161871825304
386,21,-0.407762570255464,0.6252993680775729,0.05309856161255096,0.9923242335038021,0.7500711178824733,0.9970539572751014,0.6751796208465438,0.6008872670638468,4.9700645106648285,0.01250071117882473,1299.1161871825304
386,22,-0.407762570255464,0.6252993680775729,0.05309856161255096,0.9923242335038021,0.7500711178824733,0.9970539572751014,0.6751796208465438,0.6008872670638468,4.9700645106648285,0.01250071117882473,1299.1161871825304
386,23,-0.407762570255464,0.6252993680775729,0.05309856161255096,0.9923242335038021,0.7500711178824733,0.9970539572751014,0.6751796208465438,0.6008872670638468,4.9700645106648285,0.01250071117882473,1299.1161871825304
386,24,-0.407762570255464,0.6252993680775729,0.05309856161255096,0.9923242335038021,0.7500711178824733,0.9970539572751014,0.6751796208465438,0.6008872670638468,4.9700645106648285,0.01250071117882473,1299.1161871825304
386,25,-0.407762570255464,0.6252993680775729,0.05309856161255096,0.9923242335038021,0.7500711178824733,0.9970539572751014,0.6751796208465438,0.6008872670638468,4.9700645106648285,0.01250071117882473,1299.1161871825304
386,26,-0.407762570255464,0.6252993680775729,0.05309856161255096,0.9923242335038021,0.7500711178824733,0.9970539572751014,0.6751796208465438,0.6008872670638468,4.9700645106648285,0.01250071117882473,1299.1161871825304
386,27,-0.407762570255464,0.6252993680775729,0.05309856161255096,0.9923242335038021,0.7500711178824733,0.9970539572751014,0.6751796208465438,0.6008872670638468,4.9700645106648285,0.01250071117882473,1299.1161871825304
386,28,-0.407762570255464,0.6252993680775729,0.05309856161255096,0.9923242335038021,0.7500711178824733,0.9970539572751014,0.6751796208465438,0.6008872670638468,4.9700645106648285,0.01250071117882473,1299.1161871825304
386,29,-0.407762570255464,0.6252993680775729,0.05309856161255096,0.9923242335038021,0.7500711178824733,0.9970539572751014,0.6751796208465438,0.6008872670638468,4.9700645106648285,0.01250071117882473,1299.1161871825304
386,30,-0.407762570255464,0.6252993680775729,0.05309856161255096,0.9923242335038021,0.7500711178824733,0.9970539572751014,0.6751796208465438,0.6008872670638468,4.9700645106648285,0.01250071117882473,1299.1161871825304
386,31,-0.407762570255464,0.6252993680775729,0.05309856161255096,0.9923242335038021,0.7500711178824733,0.9970539572751014,0.6751796208465438,0.6008872670638468,4.9700645106648285,0.01250071117882473,1299.1161871825304
386,32,-0.407762570255464,0.6252993680775729,0.05309856161255096,0.9923242335038021,0.7500711178824733,0.9970539572751014,0.6751796208465438,0.6008872670638468,4.9700645106648285,0.01250071117882473,1299.1161871825304
386,33,-0.407762570255464,0.6252993680775729,0.05309856161255096,0.9923242335038021,0.7500711178824733,0.9970539572751014,0.6751796208465438,0.6008872670638468,4.9700645106648285,0.01250071117882473,1299.1161871825304
386,34,-0.407762570255464,0.6252993680775729,0.05309856161255096,0.9923242335038021,0.7500711178824733,0.9970539572751014,0.6751796208465438,0.6008872670638468,4.9700645106648285,0.01250071117882473,1299.1161871825304
386,35,-0.407762570255464,0.6252993680775729,0.05309856161255096,0.9923242335038021,0.7500711178824733,0.9970539572751014,0.6751796208465438,0.6008872670638468,4.9700645106648285,0.01250071117882473,1299.1161871825304
386,36,-0.407762570255464,0.6252993680775729,0.05309856161255096,0.9923242335038021,0.7500711178824733,0.9970539572751014,0.6751796208465438,0.6008872670638468,4.9700645106648285,0.01250071117882473,1299.1161871825304
386,37,-0.407762570255464,0.6252993680775729,0.05309856161255096,0.9923242335038021,0.7500711178824733,0.9970539572751014,0.6751796208465438,0.6008872670638468,4.9700645106648285,0.01250071117882473,1299.1161871825304
386,38,-0.407762570255464,0.6252993680775729,0.05309856161255096,0.9923242335038021,0.7500711178824733,0.9970539572751014,0.6751796208465438,0.6008872670638468,4.9700645106648285,0.01250071117882473,1299.1161871825304
386,39,-0.407762570255464,0.6252993680775729,0.05309856161255096,0.9923242335038021,0.7500711178824733,0.9970539572751014,0.6751796208465438,0.6008872670638468,4.9700645106648285,0.01250071117882473,1299.1161871825304
386,40,-0.407762570255464,0.6252993680775729,0.05309856161255096,0.9923242335038021,0.7500711178824733,0.9970539572751014,0.6751796208465438,0.6008872670638468,4.9700645106648285,0.01250071117882473,1299.1161871825304
386,41,-0.27367017891716455,0.5868338550225345,0.5,1.0,0.015,1.0,0.6521003130135208,1.45,5.0,0.00515,1300.0
386,42,-0.407762570255464,0.6252993680775729,0.05309856161255096,0.9923242335038021,0.7500711178824733,0.9970539572751014,0.6751796208465438,0.6008872670638468,4.9700645106648285,0.01250071117882473,1299.1161871825304
386,43,-0.407762570255464,0.6252993680775729,0.05309856161255096,0.9923242335038021,0.7500711178824733,0.9970539572751014,0.6751796208465438,0.6008872670638468,4.9700645106648285,0.01250071117882473,1299.1161871825304
386,44,-0.407762570255464,0.6252993680775729,0.05309856161255096,0.9923242335038021,0.7500711178824733,0.9970539572751014,0.6751796208465438,0.6008872670638468,4.9700645106648285,0.01250071117882473,1299.1161871825304
386,45,-0.407762570255464,0.6252993680775729,0.05309856161255096,0.9923242335038021,0.7500711178824733,0.9970539572751014,0.6751796208465438,0.6008872670638468,4.9700645106648285,0.01250071117882473,1299.1161871825304
386,46,-0.28002018327796674,0.6103461815703114,0.5,1.0,0.015,1.0,0.666207708942187,1.45,5.0,0.00515,1300.0
386,47,-0.407762570255464,0.6252993680775729,0.05309856161255096,0.9923242335038021,0.7500711178824733,0.9970539572751014,0.6751796208465438,0.6008872670638468,4.9700645106648285,0.01250071117882473,1299.1161871825304
386,48,-0.407762570255464,0.6252993680775729,0.05309856161255096,0.9923242335038021,0.7500711178824733,0.9970539572751014,0.6751796208465438,0.6008872670638468,4.9700645106648285,0.01250071117882473,1299.1161871825304
386,49,-0.407762570255464,0.6252993680775729,0.05309856161255096,0.9923242335038021,0.7500711178824733,0.9970539572751014,0.6751796208465438,0.6008872670638468,4.9700645106648285,0.01250071117882473,1299.1161871825304
386,50,-0.407762570255464,0.6252993680775729,0.05309856161255096,0.9923242335038021,0.7500711178824733,0.9970539572751014,0.6751796208465438,0.6008872670638468,4.9700645106648285,0.01250071117882473,1299.1161871825304
386,51,-0.407762570255464,0.6252993680775729,0.05309856161255096,0.9923242335038021,0.7500711178824733,0.9970539572751014,0.6751796208465438,0.6008872670638468,4.9700645106648285,0.01250071117882473,1299.1161871825304
386,52,-0.407762570255464,0.6252993680775729,0.05309856161255096,0.9923242335038021,0.7500711178824733,0.9970539572751014,0.6751796208465438,0.6008872670638468,4.9700645106648285,0.01250071117882473,1299.1161871825304
386,53,-0.407762570255464,0.6252993680775729,0.05309856161255096,0.9923242335038021,0.7500711178824733,0.9970539572751014,0.6751796208465438,0.6008872670638468,4.9700645106648285,0.01250071117882473,1299.1161871825304
386,54,-0.407762570255464,0.6252993680775729,0.05309856161255096,0.9923242335038021,0.7500711178824733,0.9970539572751014,0.6751796208465438,0.6008872670638468,4.9700645106648285,0.01250071117882473,1299.1161871825304
386,55,-0.407762570255464,0.6252993680775729,0.05309856161255096,0.9923242335038021,0.7500711178824733,0.9970539572751014,0.6751796208465438,0.6008872670638468,4.9700645106648285,0.01250071117882473,1299.1161871825304
386,56,-0.407762570255464,0.6252993680775729,0.05309856161255096,0.9923242335038021,0.7500711178824733,0.9970539572751014,0.6751796208465438,0.6008872670638468,4.9700645106648285,0.01250071117882473,1299.1161871825304
386,57,-0.407762570255464,0.6252993680775729,0.05309856161255096,0.9923242335038021,0.7500711178824733,0.9970539572751014,0.6751796208465438,0.6008872670638468,4.9700645106648285,0.01250071117882473,1299.1161871825304
386,58,-0.407762570255464,0.6252993680775729,0.05309856161255096,0.9923242335038021,0.7500711178824733,0.9970539572751014,0.6751796208465438,0.6008872670638468,4.9700645106648285,0.01250071117882473,1299.1161871825304
386,59,-0.407762570255464,0.6252993680775729,0.05309856161255096,0.9923242335038021,0.7500711178824733,0.9970539572751014,0.6751796208465438,0.6008872670638468,4.9700645106648285,0.01250071117882473,1299.1161871825304
386,60,-0.407762570255464,0.6252993680775729,0.05309856161255096,0.9923242335038021,0.7500711178824733,0.9970539572751014,0.6751796208465438,0.6008872670638468,4.9700645106648285,0.01250071117882473,1299.1161871825304
386,61,-0.407762570255464,0.6252993680775729,0.05309856161255096,0.9923242335038021,0.7500711178824733,0.9970539572751014,0.6751796208465438,0.6008872670638468,4.9700645106648285,0.01250071117882473,1299.1161871825304
386,62,-0.407762570255464,0.6252993680775729,0.05309856161255096,0.9923242335038021,0.7500711178824733,0.9970539572751014,0.6751796208465438,0.6008872670638468,4.9700645106648285,0.01250071117882473,1299.1161871825304
386,63,-0.407762570255464,0.6252993680775729,0.05309856161255096,0.9923242335038021,0.7500711178824733,0.9970539572751014,0.6751796208465438,0.6008872670638468,4.9700645106648285,0.01250071117882473,1299.1161871825304
386,64,-0.407762570255464,0.6252993680775729,0.05309856161255096,0.9923242335038021,0.7500711178824733,0.9970539572751014,0.6751796208465438,0.6008872670638468,4.9700645106648285,0.01250071117882473,1299.1161871825304
386,65,-0.407762570255464,0.6252993680775729,0.05309856161255096,0.9923242335038021,0.7500711178824733,0.9970539572751014,0.6751796208465438,0.6008872670638468,4.9700645106648285,0.01250071117882473,1299.1161871825304
386,66,-0.407762570255464,0.6252993680775729,0.05309856161255096,0.9923242335038021,0.7500711178824733,0.9970539572751014,0.6751796208465438,0.6008872670638468,4.9700645106648285,0.01250071117882473,1299.1161871825304
386,67,-0.407762570255464,0.6252993680775729,0.05309856161255096,0.9923242335038021,0.7500711178824733,0.9970539572751014,0.6751796208465438,0.6008872670638468,4.9700645106648285,0.01250071117882473,1299.1161871825304
386,68,-0.407762570255464,0.6252993680775729,0.05309856161255096,0.9923242335038021,0.7500711178824733,0.9970539572751014,0.6751796208465438,0.6008872670638468,4.9700645106648285,0.01250071117882473,1299.1161871825304
386,69,-0.407762570255464,0.6252993680775729,0.05309856161255096,0.9923242335038021,0.7500711178824733,0.9970539572751014,0.6751796208465438,0.6008872670638468,4.9700645106648285,0.01250071117882473,1299.1161871825304
386,70,-0.407762570255464,0.6252993680775729,0.05309856161255096,0.9923242335038021,0.7500711178824733,0.9970539572751014,0.6751796208465438,0.6008872670638468,4.9700645106648285,0.01250071117882473,1299.1161871825304
386,71,-0.407762570255464,0.6252993680775729,0.05309856161255096,0.9923242335038021,0.7500711178824733,0.9970539572751014,0.6751796208465438,0.6008872670638468,4.9700645106648285,0.01250071117882473,1299.1161871825304
386,72,-0.407762570255464,0.6252993680775729,0.05309856161255096,0.9923242335038021,0.7500711178824733,0.9970539572751014,0.6751796208465438,0.6008872670638468,4.9700645106648285,0.01250071117882473,1299.1161871825304
386,73,-0.407762570255464,0.6252993680775729,0.05309856161255096,0.9923242335038021,0.7500711178824733,0.9970539572751014,0.6751796208465438,0.6008872670638468,4.9700645106648285,0.01250071117882473,1299.1161871825304
386,74,-0.407762570255464,0.6252993680775729,0.05309856161255096,0.9923242335038021,0.7500711178824733,0.9970539572751014,0.6751796208465438,0.6008872670638468,4.9700645106648285,0.01250071117882473,1299.1161871825304
386,75,-0.407762570255464,0.6252993680775729,0.05309856161255096,0.9923242335038021,0.7500711178824733,0.9970539572751014,0.6751796208465438,0.6008872670638468,4.9700645106648285,0.01250071117882473,1299.1161871825304
386,76,-0.407762570255464,0.6252993680775729,0.05309856161255096,0.9923242335038021,0.7500711178824733,0.9970539572751014,0.6751796208465438,0.6008872670638468,4.9700645106648285,0.01250071117882473,1299.1161871825304
386,77,-0.407762570255464,0.6252993680775729,0.05309856161255096,0.9923242335038021,0.7500711178824733,0.9970539572751014,0.6751796208465438,0.6008872670638468,4.9700645106648285,0.01250071117882473,1299.1161871825304
386,78,-0.407762570255464,0.6252993680775729,0.05309856161255096,0.9923242335038021,0.7500711178824733,0.9970539572751014,0.6751796208465438,0.6008872670638468,4.9700645106648285,0.01250071117882473,1299.1161871825304
386,79,-0.407762570255464,0.6252993680775729,0.05309856161255096,0.9923242335038021,0.7500711178824733,0.9970539572751014,0.6751796208465438,0.6008872670638468,4.9700645106648285,0.01250071117882473,1299.1161871825304
386,80,-0.407762570255464,0.6252993680775729,0.05309856161255096,0.9923242335038021,0.7500711178824733,0.9970539572751014,0.6751796208465438,0.6008872670638468,4.9700645106648285,0.01250071117882473,1299.1161871825304
386,81,-0.407762570255464,0.6252993680775729,0.05309856161255096,0.9923242335038021,0.7500711178824733,0.9970539572751014,0.6751796208465438,0.6008872670638468,4.9700645106648285,0.01250071117882473,1299.1161871825304
386,82,-0.2839164395881619,0.6254528145520644,0.5,1.0,0.015,1.0,0.6752716887312387,1.45,5.0,0.00515,1300.0
386,83,-0.407762570255464,0.6252993680775729,0.05309856161255096,0.9923242335038021,0.7500711178824733,0.9970539572751014,0.6751796208465438,0.6008872670638468,4.9700645106648285,0.01250071117882473,1299.1161871825304
386,84,-0.3071999613388091,0.7318948300733634,0.5,1.0,0.015,1.0,0.739136898044018,1.45,5.0,0.00515,1300.0
386,85,-0.407762570255464,0.6252993680775729,0.05309856161255096,0.9923242335038021,0.7500711178824733,0.9970539572751014,0.6751796208465438,0.6008872670638468,4.9700645106648285,0.01250071117882473,1299.1161871825304
386,86,-0.407762570255464,0.6252993680775729,0.05309856161255096,0.9923242335038021,0.7500711178824733,0.9970539572751014,0.6751796208465438,0.6008872670638468,4.9700645106648285,0.01250071117882473,1299.1161871825304
386,87,-0.407762570255464,0.6252993680775729,0.05309856161255096,0.9923242335038021,0.7500711178824733,0.9970539572751014,0.6751796208465438,0.6008872670638468,4.9700645106648285,0.01250071117882473,1299.1161871825304
386,88,-0.407762570255464,0.6252993680775729,0.05309856161255096,0.9923242335038021,0.7500711178824733,0.9970539572751014,0.6751796208465438,0.6008872670638468,4.9700645106648285,0.01250071117882473,1299.1161871825304
386,89,-0.407762570255464,0.6252993680775729,0.05309856161255096,0.9923242335038021,0.7500711178824733,0.9970539572751014,0.6751796208465438,0.6008872670638468,4.9700645106648285,0.01250071117882473,1299.1161871825304
386,90,-0.407762570255464,0.6252993680775729,0.05309856161255096,0.9923242335038021,0.7500711178824733,0.9970539572751014,0.6751796208465438,0.6008872670638468,4.9700645106648285,0.01250071117882473,1299.1161871825304
386,91,-0.407762570255464,0.6252993680775729,0.05309856161255096,0.9923242335038021,0.7500711178824733,0.9970539572751014,0.6751796208465438,0.6008872670638468,4.9700645106648285,0.01250071117882473,1299.1161871825304
386,92,-0.407762570255464,0.6252993680775729,0.05309856161255096,0.9923242335038021,0.7500711178824733,0.9970539572751014,0.6751796208465438,0.6008872670638468,4.9700645106648285,0.01250071117882473,1299.1161871825304
386,93,-0.407762570255464,0.6252993680775729,0.05309856161255096,0.9923242335038021,0.7500711178824733,0.9970539572751014,0.6751796208465438,0.6008872670638468,4.9700645106648285,0.01250071117882473,1299.1161871825304
386,94,-0.407762570255464,0.6252993680775729,0.05309856161255096,0.9923242335038021,0.7500711178824733,0.9970539572751014,0.6751796208465438,0.6008872670638468,4.9700645106648285,0.01250071117882473,1299.1161871825304
386,95,-0.407762570255464,0.6252993680775729,0.05309856161255096,0.9923242335038021,0.7500711178824733,0.9970539572751015,0.6751796208465438,0.6008872670638468,4.9700645106648285,0.01250071117882473,1299.1161871825304
386,96,-0.407762570255464,0.6252993680775729,0.05309856161255096,0.9923242335038021,0.7500711178824733,0.9970539572751014,0.6751796208465438,0.6008872670638468,4.9700645106648285,0.01250071117882473,1299.1161871825304
386,97,-0.407762570255464,0.6252993680775729,0.05309856161255096,0.9923242335038021,0.7500711178824733,0.9970539572751014,0.6751796208465438,0.6008872670638468,4.9700645106648285,0.01250071117882473,1299.1161871825304
386,98,-0.407762570255464,0.6252993680775729,0.05309856161255096,0.9923242335038021,0.7500711178824733,0.9970539572751014,0.6751796208465438,0.6008872670638468,4.9700645106648285,0.01250071117882473,1299.1161871825304
386,99,-0.407762570255464,0.6252993680775729,0.05309856161255096,0.9923242335038021,0.7500711178824733,0.9970539572751014,0.6751796208465438,0.6008872670638468,4.9700645106648285,0.01250071117882473,1299.1161871825304
386,100,-0.407762570255464,0.6252993680775729,0.05309856161255096,0.9923242335038021,0.7500711178824733,0.9970539572751014,0.6751796208465438,0.6008872670638468,4.9700645106648285,0.01250071117882473,1299.1161871825304
386,101,-0.407762570255464,0.6252993680775729,0.05309856161255096,0.9923242335038021,0.7500711178824733,0.9970539572751014,0.6751796208465438,0.6008872670638468,4.9700645106648285,0.01250071117882473,1299.1161871825304
386,102,-0.2655851484272981,0.5585728567544083,0.5,1.0,0.015,1.0,0.635143714052645,1.45,5.0,0.00515,1300.0
386,103,-0.407762570255464,0.6252993680775729,0.05309856161255096,0.9923242335038021,0.7500711178824733,0.9970539572751014,0.6751796208465438,0.6008872670638468,4.9700645106648285,0.01250071117882473,1299.1161871825304
386,104,-0.407762570255464,0.6252993680775729,0.05309856161255096,0.9923242335038021,0.7500711178824733,0.9970539572751014,0.6751796208465438,0.6008872670638468,4.9700645106648285,0.01250071117882473,1299.1161871825304
386,105,-0.407762570255464,0.6252993680775729,0.05309856161255096,0.9923242335038021,0.7500711178824733,0.9970539572751014,0.6751796208465438,0.6008872670638468,4.9700645106648285,0.01250071117882473,1299.1161871825304
386,106,-0.407762570255464,0.6252993680775729,0.05309856161255096,0.9923242335038021,0.7500711178824733,0.9970539572751014,0.6751796208465438,0.6008872670638468,4.9700645106648285,0.01250071117882473,1299.1161871825304
386,107,-0.407762570255464,0.6252993680775729,0.05309856161255096,0.9923242335038021,0.7500711178824733,0.9970539572751014,0.6751796208465438,0.6008872670638468,4.9700645106648285,0.01250071117882473,1299.1161871825304
386,108,-0.407762570255464,0.6252993680775729,0.05309856161255096,0.9923242335038021,0.7500711178824733,0.9970539572751014,0.6751796208465438,0.6008872670638468,4.9700645106648285,0.01250071117882473,1299.1161871825304
386,109,-0.407762570255464,0.6252993680775729,0.05309856161255096,0.9923242335038021,0.7500711178824733,0.9970539572751014,0.6751796208465438,0.6008872670638468,4.9700645106648285,0.01250071117882473,1299.1161871825304
386,110,-0.407762570255464,0.6252993680775729,0.05309856161255096,0.9923242335038021,0.7500711178824733,0.9970539572751014,0.6751796208465438,0.6008872670638468,4.9700645106648285,0.01250071117882473,1299.1161871825304
386,111,-0.3016219808455828,0.7030659058142446,0.5,1.0,0.015,1.0,0.7218395434885467,1.45,5.0,0.00515,1300.0
386,112,-0.407762570255464,0.6252993680775729,0.05309856161255096,0.9923242335038021,0.7500711178824733,0.9970539572751014,0.6751796208465438,0.6008872670638468,4.9700645106648285,0.01250071117882473,1299.1161871825304
386,113,-0.407762570255464,0.6252993680775729,0.05309856161255096,0.9923242335038021,0.7500711178824733,0.9970539572751014,0.6751796208465438,0.6008872670638468,4.9700645106648285,0.01250071117882473,1299.1161871825304
386,114,-0.407762570255464,0.6252993680775729,0.05309856161255096,0.9923242335038021,0.7500711178824733,0.9970539572751014,0.6751796208465438,0.6008872670638468,4.9700645106648285,0.01250071117882473,1299.1161871825304
386,115,-0.407762570255464,0.6252993680775729,0.05309856161255096,0.9923242335038021,0.7500711178824733,0.9970539572751014,0.6751796208465438,0.6008872670638468,4.9700645106648285,0.01250071117882473,1299.1161871825304
386,116,-0.407762570255464,0.6252993680775729,0.05309856161255096,0.9923242335038021,0.7500711178824733,0.9970539572751014,0.6751796208465438,0.6008872670638468,4.9700645106648285,0.01250071117882473,1299.1161871825304
386,117,-0.407762570255464,0.6252993680775729,0.05309856161255096,0.9923242335038021,0.7500711178824733,0.9970539572751014,0.6751796208465438,0.6008872670638468,4.9700645106648285,0.01250071117882473,1299.1161871825304
386,118,-0.407762570255464,0.6252993680775729,0.05309856161255096,0.9923242335038021,0.7500711178824733,0.9970539572751014,0.6751796208465438,0.6008872670638468,4.9700645106648285,0.01250071117882473,1299.1161871825304
386,119,-0.407762570255464,0.6252993680775729,0.05309856161255096,0.9923242335038021,0.7500711178824733,0.9970539572751015,0.6751796208465438,0.6008872670638468,4.9700645106648285,0.01250071117882473,1299.1161871825304
386,120,-0.407762570255464,0.6252993680775729,0.05309856161255096,0.9923242335038021,0.7500711178824733,0.9970539572751014,0.6751796208465438,0.6008872670638468,4.9700645106648285,0.01250071117882473,1299.1161871825304
386,121,-0.407762570255464,0.6252993680775729,0.05309856161255096,0.9923242335038021,0.7500711178824733,0.9970539572751014,0.6751796208465438,0.6008872670638468,4.9700645106648285,0.01250071117882473,1299.1161871825304
386,122,-0.407762570255464,0.6252993680775729,0.05309856161255096,0.9923242335038021,0.7500711178824733,0.9970539572751014,0.6751796208465438,0.6008872670638468,4.9700645106648285,0.01250071117882473,1299.1161871825304
386,123,-0.2737921280684882,0.5872736826126295,0.5,1.0,0.015,1.0,0.6523642095675777,1.45,5.0,0.00515,1300.0
386,124,-0.2969472977764677,0.680823788218114,0.5,1.0,0.015,1.0,0.7084942729308684,1.45,5.0,0.00515,1300.0
386,125,-0.407762570255464,0.6252993680775729,0.05309856161255096,0.9923242335038021,0.7500711178824733,0.9970539572751014,0.6751796208465438,0.6008872670638468,4.9700645106648285,0.01250071117882473,1299.1161871825304
386,126,-0.407762570255464,0.6252993680775729,0.05309856161255096,0.9923242335038021,0.7500711178824733,0.9970539572751014,0.6751796208465438,0.6008872670638468,4.9700645106648285,0.01250071117882473,1299.1161871825304
386,127,-0.407762570255464,0.6252993680775729,0.05309856161255096,0.9923242335038021,0.7500711178824733,0.9970539572751014,0.6751796208465438,0.6008872670638468,4.9700645106648285,0.01250071117882473,1299.1161871825304
386,128,-0.407762570255464,0.6252993680775729,0.05309856161255096,0.9923242335038021,0.7500711178824733,0.9970539572751014,0.6751796208465438,0.6008872670638468,4.9700645106648285,0.01250071117882473,1299.1161871825304
386,129,-0.407762570255464,0.6252993680775729,0.05309856161255096,0.9923242335038021,0.7500711178824733,0.9970539572751014,0.6751796208465438,0.6008872670638468,4.9700645106648285,0.01250071117882473,1299.1161871825304
386,130,-0.407762570255464,0.6252993680775729,0.05309856161255096,0.9923242335038021,0.7500711178824733,0.9970539572751014,0.6751796208465438,0.6008872670638468,4.9700645106648285,0.01250071117882473,1299.1161871825304
386,131,-0.407762570255464,0.6252993680775729,0.05309856161255096,0.9923242335038021,0.7500711178824733,0.9970539572751014,0.6751796208465438,0.6008872670638468,4.9700645106648285,0.01250071117882473,1299.1161871825304
386,132,-0.407762570255464,0.6252993680775729,0.05309856161255096,0.9923242335038021,0.7500711178824733,0.9970539572751014,0.6751796208465438,0.6008872670638468,4.9700645106648285,0.01250071117882473,1299.1161871825304
386,133,-0.407762570255464,0.6252993680775729,0.05309856161255096,0.9923242335038021,0.7500711178824733,0.9970539572751014,0.6751796208465438,0.6008872670638468,4.9700645106648285,0.01250071117882473,1299.1161871825304
386,134,-0.407762570255464,0.6252993680775729,0.05309856161255096,0.9923242335038021,0.7500711178824733,0.9970539572751014,0.6751796208465438,0.6008872670638468,4.9700645106648285,0.01250071117882473,1299.1161871825304
386,135,-0.407762570255464,0.6252993680775729,0.05309856161255096,0.9923242335038021,0.7500711178824733,0.9970539572751014,0.6751796208465438,0.6008872670638468,4.9700645106648285,0.01250071117882473,1299.1161871825304
386,136,-0.407762570255464,0.6252993680775729,0.05309856161255096,0.9923242335038021,0.7500711178824733,0.9970539572751014,0.6751796208465438,0.6008872670638468,4.9700645106648285,0.01250071117882473,1299.1161871825304
386,137,-0.407762570255464,0.6252993680775729,0.05309856161255096,0.9923242335038021,0.7500711178824733,0.9970539572751014,0.6751796208465438,0.6008872670638468,4.9700645106648285,0.01250071117882473,1299.1161871825304
386,138,-0.407762570255464,0.6252993680775729,0.05309856161255096,0.9923242335038021,0.7500711178824733,0.9970539572751014,0.6751796208465438,0.6008872670638468,4.9700645106648285,0.01250071117882473,1299.1161871825304
386,139,-0.407762570255464,0.6252993680775729,0.05309856161255096,0.9923242335038021,0.7500711178824733,0.9970539572751014,0.6751796208465438,0.6008872670638468,4.9700645106648285,0.01250071117882473,1299.1161871825304
386,140,-0.407762570255464,0.6252993680775729,0.05309856161255096,0.9923242335038021,0.7500711178824733,0.9970539572751014,0.6751796208465438,0.6008872670638468,4.9700645106648285,0.01250071117882473,1299.1161871825304
386,141,-0.407762570255464,0.6252993680775729,0.05309856161255096,0.9923242335038021,0.7500711178824733,0.9970539572751014,0.6751796208465438,0.6008872670638468,4.9700645106648285,0.01250071117882473,1299.1161871825304
386,142,-0.407762570255464,0.6252993680775729,0.05309856161255096,0.9923242335038021,0.7500711178824733,0.9970539572751014,0.6751796208465438,0.6008872670638468,4.9700645106648285,0.01250071117882473,1299.1161871825304
386,143,-0.407762570255464,0.6252993680775729,0.05309856161255096,0.9923242335038021,0.7500711178824733,0.9970539572751014,0.6751796208465438,0.6008872670638468,4.9700645106648285,0.01250071117882473,1299.1161871825304
386,144,-0.407762570255464,0.6252993680775729,0.05309856161255096,0.9923242335038021,0.7500711178824733,0.9970539572751014,0.6751796208465438,0.6008872670638468,4.9700645106648285,0.01250071117882473,1299.1161871825304
386,145,-0.407762570255464,0.6252993680775729,0.05309856161255096,0.9923242335038021,0.7500711178824733,0.9970539572751014,0.6751796208465438,0.6008872670638468,4.9700645106648285,0.01250071117882473,1299.1161871825304
386,146,-0.407762570255464,0.6252993680775729,0.05309856161255096,0.9923242335038021,0.7500711178824733,0.9970539572751015,0.6751796208465438,0.6008872670638468,4.9700645106648285,0.01250071117882473,1299.1161871825304
386,147,-0.407762570255464,0.6252993680775729,0.05309856161255096,0.9923242335038021,0.7500711178824733,0.9970539572751014,0.6751796208465438,0.6008872670638468,4.9700645106648285,0.01250071117882473,1299.1161871825304
386,148,-0.407762570255464,0.6252993680775729,0.05309856161255096,0.9923242335038021,0.7500711178824733,0.9970539572751014,0.6751796208465438,0.6008872670638468,4.9700645106648285,0.01250071117882473,1299.1161871825304
386,149,-0.407762570255464,0.6252993680775729,0.05309856161255096,0.9923242335038021,0.7500711178824733,0.9970539572751014,0.6751796208465438,0.6008872670638468,4.9700645106648285,0.01250071117882473,1299.1161871825304
386,150,-0.407762570255464,0.6252993680775729,0.05309856161255096,0.9923242335038021,0.7500711178824733,0.9970539572751014,0.6751796208465438,0.6008872670638468,4.9700645106648285,0.01250071117882473,1299.1161871825304
386,151,-0.407762570255464,0.6252993680775729,0.05309856161255096,0.9923242335038021,0.7500711178824733,0.9970539572751014,0.6751796208465438,0.6008872670638468,4.9700645106648285,0.01250071117882473,1299.1161871825304
386,152,-0.407762570255464,0.6252993680775729,0.05309856161255096,0.9923242335038021,0.7500711178824733,0.9970539572751014,0.6751796208465438,0.6008872670638468,4.9700645106648285,0.01250071117882473,1299.1161871825304
386,153,-0.272533825112372,0.5827559927063808,0.5,1.0,0.015,1.0,0.6496535956238285,1.45,5.0,0.00515,1300.0
386,154,-0.407762570255464,0.6252993680775729,0.05309856161255096,0.9923242335038021,0.7500711178824733,0.9970539572751014,0.6751796208465438,0.6008872670638468,4.9700645106648285,0.01250071117882473,1299.1161871825304
386,155,-0.407762570255464,0.6252993680775729,0.05309856161255096,0.9923242335038021,0.7500711178824733,0.9970539572751014,0.6751796208465438,0.6008872670638468,4.9700645106648285,0.01250071117882473,1299.1161871825304
386,156,-0.407762570255464,0.6252993680775729,0.05309856161255096,0.9923242335038021,0.7500711178824733,0.9970539572751014,0.6751796208465438,0.6008872670638468,4.9700645106648285,0.01250071117882473,1299.1161871825304
386,157,-0.407762570255464,0.6252993680775729,0.05309856161255096,0.9923242335038021,0.7500711178824733,0.9970539572751014,0.6751796208465438,0.6008872670638468,4.9700645106648285,0.01250071117882473,1299.1161871825304
386,158,-0.407762570255464,0.6252993680775729,0.05309856161255096,0.9923242335038021,0.7500711178824733,0.9970539572751014,0.6751796208465438,0.6008872670638468,4.9700645106648285,0.01250071117882473,1299.1161871825304
386,159,-0.407762570255464,0.6252993680775729,0.05309856161255096,0.9923242335038021,0.7500711178824733,0.9970539572751014,0.6751796208465438,0.6008872670638468,4.9700645106648285,0.01250071117882473,1299.1161871825304
386,160,-0.407762570255464,0.6252993680775729,0.05309856161255096,0.9923242335038021,0.7500711178824733,0.9970539572751014,0.6751796208465438,0.6008872670638468,4.9700645106648285,0.01250071117882473,1299.1161871825304
386,161,-0.407762570255464,0.6252993680775729,0.05309856161255096,0.9923242335038021,0.7500711178824733,0.9970539572751014,0.6751796208465438,0.6008872670638468,4.9700645106648285,0.01250071117882473,1299.1161871825304
386,162,-0.407762570255464,0.6252993680775729,0.05309856161255096,0.9923242335038021,0.7500711178824733,0.9970539572751014,0.6751796208465438,0.6008872670638468,4.9700645106648285,0.01250071117882473,1299.1161871825304
386,163,-0.407762570255464,0.6252993680775729,0.05309856161255096,0.9923242335038021,0.7500711178824733,0.9970539572751014,0.6751796208465438,0.6008872670638468,4.9700645106648285,0.01250071117882473,1299.1161871825304
386,164,-0.407762570255464,0.6252993680775729,0.05309856161255096,0.9923242335038021,0.7500711178824733,0.9970539572751014,0.6751796208465438,0.6008872670638468,4.9700645106648285,0.01250071117882473,1299.1161871825304
386,165,-0.407762570255464,0.6252993680775729,0.05309856161255096,0.9923242335038021,0.7500711178824733,0.9970539572751014,0.6751796208465438,0.6008872670638468,4.9700645106648285,0.01250071117882473,1299.1161871825304
386,166,-0.2616311873287937,0.5453338917312264,0.5,1.0,0.015,1.0,0.6272003350387358,1.45,5.0,0.00515,1300.0
386,167,-0.407762570255464,0.6252993680775729,0.05309856161255096,0.9923242335038021,0.7500711178824733,0.9970539572751014,0.6751796208465438,0.6008872670638468,4.9700645106648285,0.01250071117882473,1299.1161871825304
386,168,-0.407762570255464,0.6252993680775729,0.05309856161255096,0.9923242335038021,0.7500711178824733,0.9970539572751014,0.6751796208465438,0.6008872670638468,4.9700645106648285,0.01250071117882473,1299.1161871825304
386,169,-0.407762570255464,0.6252993680775729,0.05309856161255096,0.9923242335038021,0.7500711178824733,0.9970539572751014,0.6751796208465438,0.6008872670638468,4.9700645106648285,0.01250071117882473,1299.1161871825304
386,170,-0.407762570255464,0.6252993680775729,0.05309856161255096,0.9923242335038021,0.7500711178824733,0.9970539572751014,0.6751796208465438,0.6008872670638468,4.9700645106648285,0.01250071117882473,1299.1161871825304
386,171,-0.407762570255464,0.6252993680775729,0.05309856161255096,0.9923242335038021,0.7500711178824733,0.9970539572751014,0.6751796208465438,0.6008872670638468,4.9700645106648285,0.01250071117882473,1299.1161871825304
386,172,-0.407762570255464,0.6252993680775729,0.05309856161255096,0.9923242335038021,0.7500711178824733,0.9970539572751014,0.6751796208465438,0.6008872670638468,4.9700645106648285,0.01250071117882473,1299.1161871825304
386,173,-0.407762570255464,0.6252993680775729,0.05309856161255096,0.9923242335038021,0.7500711178824733,0.9970539572751014,0.6751796208465438,0.6008872670638468,4.9700645106648285,0.01250071117882473,1299.1161871825304
386,174,-0.407762570255464,0.6252993680775729,0.05309856161255096,0.9923242335038021,0.7500711178824733,0.9970539572751014,0.6751796208465438,0.6008872670638468,4.9700645106648285,0.01250071117882473,1299.1161871825304
386,175,-0.407762570255464,0.6252993680775729,0.05309856161255096,0.9923242335038021,0.7500711178824733,0.9970539572751014,0.6751796208465438,0.6008872670638468,4.9700645106648285,0.01250071117882473,1299.1161871825304
386,176,-0.407762570255464,0.6252993680775729,0.05309856161255096,0.9923242335038021,0.7500711178824733,0.9970539572751014,0.6751796208465438,0.6008872670638468,4.9700645106648285,0.01250071117882473,1299.1161871825304
386,177,-0.407762570255464,0.6252993680775729,0.05309856161255096,0.9923242335038021,0.7500711178824733,0.9970539572751014,0.6751796208465438,0.6008872670638468,4.9700645106648285,0.01250071117882473,1299.1161871825304
386,178,-0.407762570255464,0.6252993680775729,0.05309856161255096,0.9923242335038021,0.7500711178824733,0.9970539572751014,0.6751796208465438,0.6008872670638468,4.9700645106648285,0.01250071117882473,1299.1161871825304
386,179,-0.407762570255464,0.6252993680775729,0.05309856161255096,0.9923242335038021,0.7500711178824733,0.9970539572751014,0.6751796208465438,0.6008872670638468,4.9700645106648285,0.01250071117882473,1299.1161871825304
386,180,-0.407762570255464,0.6252993680775729,0.05309856161255096,0.9923242335038021,0.7500711178824733,0.9970539572751014,0.6751796208465438,0.6008872670638468,4.9700645106648285,0.01250071117882473,1299.1161871825304
386,181,-0.407762570255464,0.6252993680775729,0.05309856161255096,0.9923242335038021,0.7500711178824733,0.9970539572751014,0.6751796208465438,0.6008872670638468,4.9700645106648285,0.01250071117882473,1299.1161871825304
386,182,-0.407762570255464,0.6252993680775729,0.05309856161255096,0.9923242335038021,0.7500711178824733,0.9970539572751014,0.6751796208465438,0.6008872670638468,4.9700645106648285,0.01250071117882473,1299.1161871825304
386,183,-0.407762570255464,0.6252993680775729,0.05309856161255096,0.9923242335038021,0.7500711178824733,0.9970539572751014,0.6751796208465438,0.6008872670638468,4.9700645106648285,0.01250071117882473,1299.1161871825304
386,184,-0.407762570255464,0.6252993680775729,0.05309856161255096,0.9923242335038021,0.7500711178824733,0.9970539572751014,0.6751796208465438,0.6008872670638468,4.9700645106648285,0.01250071117882473,1299.1161871825304
386,185,-0.407762570255464,0.6252993680775729,0.05309856161255096,0.9923242335038021,0.7500711178824733,0.9970539572751014,0.6751796208465438,0.6008872670638468,4.9700645106648285,0.01250071117882473,1299.1161871825304
386,186,-0.407762570255464,0.6252993680775729,0.05309856161255096,0.9923242335038021,0.7500711178824733,0.9970539572751015,0.6751796208465438,0.6008872670638468,4.9700645106648285,0.01250071117882473,1299.1161871825304
386,187,-0.407762570255464,0.6252993680775729,0.05309856161255096,0.9923242335038021,0.7500711178824733,0.9970539572751014,0.6751796208465438,0.6008872670638468,4.9700645106648285,0.01250071117882473,1299.1161871825304
386,188,-0.407762570255464,0.6252993680775729,0.05309856161255096,0.9923242335038021,0.7500711178824733,0.9970539572751014,0.6751796208465438,0.6008872670638468,4.9700645106648285,0.01250071117882473,1299.1161871825304
386,189,-0.407762570255464,0.6252993680775729,0.05309856161255096,0.9923242335038021,0.7500711178824733,0.9970539572751014,0.6751796208465438,0.6008872670638468,4.9700645106648285,0.01250071117882473,1299.1161871825304
386,190,-0.407762570255464,0.6252993680775729,0.05309856161255096,0.9923242335038021,0.7500711178824733,0.9970539572751014,0.6751796208465438,0.6008872670638468,4.9700645106648285,0.01250071117882473,1299.1161871825304
386,191,-0.407762570255464,0.6252993680775729,0.05309856161255096,0.9923242335038021,0.7500711178824733,0.9970539572751014,0.6751796208465438,0.6008872670638468,4.9700645106648285,0.01250071117882473,1299.1161871825304
386,192,-0.407762570255464,0.6252993680775729,0.05309856161255096,0.9923242335038021,0.7500711178824733,0.9970539572751014,0.6751796208465438,0.6008872670638468,4.9700645106648285,0.01250071117882473,1299.1161871825304
386,193,-0.2921990175063044,0.6596543209733035,0.5,1.0,0.015,1.0,0.6957925925839821,1.45,5.0,0.00515,1300.0
386,194,-0.407762570255464,0.6252993680775729,0.05309856161255096,0.9923242335038021,0.7500711178824733,0.9970539572751014,0.6751796208465438,0.6008872670638468,4.9700645106648285,0.01250071117882473,1299.1161871825304
386,195,-0.407762570255464,0.6252993680775729,0.05309856161255096,0.9923242335038021,0.7500711178824733,0.9970539572751015,0.6751796208465438,0.6008872670638468,4.9700645106648285,0.01250071117882473,1299.1161871825304
386,196,-0.407762570255464,0.6252993680775729,0.05309856161255096,0.9923242335038021,0.7500711178824733,0.9970539572751014,0.6751796208465438,0.6008872670638468,4.9700645106648285,0.01250071117882473,1299.1161871825304
386,197,-0.407762570255464,0.6252993680775729,0.05309856161255096,0.9923242335038021,0.7500711178824733,0.9970539572751014,0.6751796208465438,0.6008872670638468,4.9700645106648285,0.01250071117882473,1299.1161871825304
386,198,-0.407762570255464,0.6252993680775729,0.05309856161255096,0.9923242335038021,0.7500711178824733,0.9970539572751014,0.6751796208465438,0.6008872670638468,4.9700645106648285,0.01250071117882473,1299.1161871825304
386,199,-0.407762570255464,0.6252993680775729,0.05309856161255096,0.9923242335038021,0.7500711178824733,0.9970539572751014,0.6751796208465438,0.6008872670638468,4.9700645106648285,0.01250071117882473,1299.1161871825304
